0,1,2,3,4,5,6,7,8,9,10,11,12,13,14,15,16,17,18,19,20,21,22,23,24,25,26,27,28,29,30,31,32,33,34,35,36,37,38,39,40,41,42,43,44,45,46,47
-0.07274062494512076,-0.038620714039775926,-0.032167654254958,-0.05595931672191108,0.06743741329418368,0.03710240572937525,-2.7294761214655083,-2.729566990647699,-2.729041549095788,-0.0004116360189795763,-0.0004106230539327527,-0.0004090546889410085,-1.082420894180964,-1.3117866428770721,-1.2088061169071551,-1.1443261332929369,-1.322291961230946,-1.2107885791015631,-1.5209451549262032,-1.5208963987501296,-1.5202838036805306,-1.525765309161324,-1.525721138844402,-1.5251600918393642,0.061978571636545764,-0.5568489373866211,-0.1063394095382996,0.04846606164586621,0.05034745545760358,0.1653644047012459,-2.4760063255655584,-2.4769739531563126,-2.4757350740681097,-0.1713217082483996,-0.1713405102405133,-0.17024702354272844,-0.008362244878251752,-0.09590873846372737,-0.5988429738950883,-0.009444309707582423,-0.4282139569679861,-0.3191448515502732,2.320659071136689,2.3208124127813057,2.3142825782867646,0.4019803527208308,0.4089380754932845,0.373456412692771
-0.05280344406020699,0.22135928679769765,0.092282575373634,-0.02197907980603361,-0.03260719177677725,-0.2275822404203033,-2.0653740463003105,-2.0658378850856267,-2.0661859697862535,-0.0004116360189795763,-0.0004106230539327527,-0.0004090546889410085,-0.7481543679324176,-0.5931087486126394,-0.9889699568713556,-0.7833674897527222,-0.7625668149515881,-0.8569254556710385,-0.9993872252153386,-0.9993029924765126,-0.9987465139954356,-0.9895322522771918,-0.98945316221313,-0.9889273020922544,0.042332442927359513,-0.1163389226915712,0.01186479243164824,0.02397727001914213,0.6235320772191123,-0.4673265685323271,-1.6369594221903825,-1.643153795491282,-1.6352313890696435,-2.047398915662414,-2.0512268051068565,-2.037257475701383,-0.009007969843419708,0.8039446561758524,-0.40821605991596377,-0.009989905657402908,-0.06205438600370336,-0.20187220446304685,0.21528353504279504,0.19401533239987506,0.19400270917691206,0.7497593040783853,0.7250740012459578,0.6884417053510643
-0.1154946312926463,-0.9802504320329448,1.0601749735751185,0.26155061116163303,-0.5390885915210037,-1.1098894470708411,-2.6525304437500266,-2.6511908478680266,-2.657721644992864,-0.0004116360189795763,-0.0004106230539327527,-1.7528236995128192,0.3504022198001848,0.3857113546457588,0.8562823742859258,0.41403630734622815,1.06984402825998,-0.030617492341221995,-0.6166612624059282,-0.616801161209194,-0.6178541172100633,-0.6029923578768737,-0.6031392755344901,-0.6034628693499553,0.06452359194440763,-0.9464311649551708,0.12747071003080274,-0.029458008270841773,-1.930383238759028,-0.9339060306552136,2.262646370705099,2.2664450136436756,2.23537083487078,-1.25141196683401,-1.250656929708535,-1.2228357237301084,-0.009732633092104773,-0.2638980378969779,-0.29746164891151183,-0.010445568208901329,1.7800993706742123,-0.7289442171575458,-1.5072964490340104,-1.4692490509753384,-1.6784522401668212,-0.35681008660481306,-0.3497881463132016,-0.3825082896872028
-0.0749132575127011,-0.5630153349185328,-2.379790360098855,0.08745261970034582,-0.2954345383616471,0.2260299820640553,-3.407563334062957,-3.406898113990988,-3.391101943007788,-0.0004116360189795763,-0.0004106230539327527,-0.0004090546889410085,0.34863620938853945,0.32619631000183313,1.2747684115768725,0.4181431359529344,0.2258152549162185,1.244044439731622,-0.6336713051974574,-0.6335621963268593,-0.6356224221849397,-0.6183133023592775,-0.6182100383438001,-0.6195448274304683,0.10598345182939592,0.16417543250508798,-0.8235933727022834,0.04967349670696576,-0.2752458295268263,-1.3896093517772323,1.5442878097444814,1.5499269375710472,1.5853950039743938,-3.1159979914564486,-3.116257097166417,-3.0177244138252783,-0.01099417472868575,-0.4533894448100862,-0.15604280810284282,-0.013434954369126529,-0.4911693421540676,0.5189281291339871,0.16059845618321966,0.16674870316421878,0.3041471179618268,-0.9259029160990636,-0.9188328126680836,-0.7919891701430539
-0.06883323312589097,-0.03496947942660506,0.1699412526267591,0.05817721577540672,-1.165296996541379,0.11399967351496612,-2.2090644779571638,-2.209152693401431,-2.2099774258092206,-2.579394391668953,-0.0004106230539327527,-0.0004090546889410085,-0.5237729339639919,-0.1728455844948024,-0.7823057416783228,-0.4870440102842105,-0.3610894460859783,-0.764419889629742,1.0793400629847945,1.079565691520492,1.0803954258816146,1.0880882847464817,1.088302670430375,1.0896657798140676,0.05815849105420399,0.10834400170473306,0.051227210049644735,0.02852626449319015,-1.7730430644274373,0.3824796605483364,-1.3359439709183645,-1.337834701280861,-1.3406509493266303,-0.5160066146066137,-0.5080415499062675,-0.5134307136537738,-0.0168120733138664,1.5405062102731084,-0.5958707714790767,-0.016465110336591055,0.3137906288353611,-0.7557646238485335,0.4887089293406717,0.4939482539920939,0.4693637311391989,0.054201401363205975,0.09280214974054103,0.05847112003440781
-0.11242672907911824,-0.8593946383392497,-1.1596400706350445,0.16921127436155228,0.9481144159054504,0.5554892793441708,-2.1717433562997246,-2.170567937316407,-2.162814705679643,-0.0004116360189795763,-0.0004106230539327527,-2.7916868990151347,1.0489574492952392,0.9369375993704808,0.9092708621867822,1.1079850385820105,1.3529136060348368,0.6677971846047623,1.7029582494448352,1.7029761320163448,1.7030368734519197,1.6921353581920733,1.6916355415630748,1.6912315242632614,0.0935235628271784,-0.07963028980551842,-0.6232693781849404,0.02224372194937823,0.9245090268522468,0.367818995109265,-1.8230580245745736,-1.8235987919014758,-1.8034347673375402,-0.3513569823016203,-0.3626389448652241,-0.3832995107172017,0.0006063208490467934,-0.5425096348887414,-0.41642223829382985,-0.00597927579623168,-0.11196734925558444,-0.6592050676754148,0.21528353504279504,0.2212819616355313,0.19400270917691206,-0.2303450133838841,-0.2549473685873996,-0.35100976042137344
-0.1877297834111701,-0.26982213151029505,0.2111144187860256,-0.2081339047418919,1.672452181130294,-0.8273820786301624,-2.1593212636393133,-2.159050099679086,-2.160154947625824,-0.0004116360189795763,-0.0004106230539327527,-2.601995834061121,1.053470587013887,0.9523785303486284,1.087782380325697,1.1307305508653085,2.538210331055497,3.3560436644187592,1.6836968774603087,1.6837134498661923,1.6827659903115686,1.7041911833585546,1.703440972430368,1.7012827480635822,0.051742387753021146,-0.1375007324294087,-1.5924708727374024,0.06397954794365136,1.9403684604925584,0.10715958331073384,-1.3056756937559462,-1.301129673561575,-1.358998076017942,-0.6573501860385528,-0.6767616258344025,-0.7183582319878319,0.002916123666743245,-0.4827669442392537,0.0870108567850523,-0.004703820356028631,0.6966306864728793,-0.6752272527060332,-1.1245008970169224,-1.1147828709117469,-0.9900496852610432,-0.07226367185779317,-0.09687940571106296,-0.03602446776308018
-0.11463004066883385,-0.04377751591308093,-0.014949127965293673,-0.020967820287098458,0.08487458547381113,0.062219919224242665,-2.654011223007559,-2.6540977307003035,-2.6536908776329518,-0.0004116360189795763,-0.0004106230539327527,-0.0004090546889410085,-1.0815673224820024,-1.2619858926737673,-1.1719738781977376,-1.139829682485081,-1.2782775365704746,-1.1697313141736452,-1.4211362273700232,-1.4210806821538835,-1.4204309348780575,-1.4232907952462301,-1.423239951741096,-1.422637609076093,0.0570976409058367,-0.2747385546731769,0.04056676030142375,0.02177752419658129,0.2762439272310927,0.10888066857832301,-2.142029233485314,-2.1431635437232286,-2.1368905874124926,0.8485409954595348,0.8503251583672826,0.8524960928493115,-0.008158770420738693,-0.2264817566440339,-0.6901403329859422,-0.007597277558043632,-0.220747894267126,-0.6644594914734788,2.2933165317069006,2.293545783545649,2.2867464760905363,0.02258513305797374,0.029574964590006362,-0.004525938497250851
-0.02723387361145694,-0.06116318165349181,0.0022192493399900487,-0.05716867447204362,-0.011485619838761724,0.07168988453253584,-2.6755373659179837,-2.6755976942899684,-2.675297984296966,-0.0004116360189795763,-0.0004106230539327527,-0.0004090546889410085,-1.0701078771442183,-1.2596322750392341,-1.1464592150640491,-1.1199484198967178,-1.2519359165504138,-1.2396337951791792,-0.3870256847202814,-0.3868997989236044,-0.3861153790870315,-0.3905084393176344,-0.3903903405430674,-0.3893718024031244,0.0223726493906512,-0.08708141424630911,-0.10430023806434838,0.02678358647967502,-0.6933698098737889,0.16725084457505812,-2.0639216877568702,-2.0655182927785862,-2.0649133980850403,0.8176584417071759,0.8194748180316473,0.8182131819316503,-0.003225372850867825,-0.491173353280581,-0.06370155352929215,-0.005605552563204459,0.3552308364588056,-0.7420726615457521,2.1019187556983265,2.1026793788959948,2.093993760716874,-0.04064740355249073,-0.033652220560528294,-0.0675229970289095
-0.018593545377357062,0.01520781565128044,0.038941905631173945,-0.03157086835530151,-0.05631863689203435,0.011027285098291073,-2.9597647178499056,-2.9598963199711648,-2.9597824153111323,-0.0004116360189795763,-0.0004106230539327527,-0.0004090546889410085,-1.043176218366635,-1.2594673718928655,-1.2011881674858111,-1.1060589149422413,-1.2060628003674163,-1.0457241063632374,0.5372700228488513,0.5374587795804788,0.5385872530561681,0.5317621859182128,0.5319403433866894,0.5330792618713084,0.0022368975360646678,0.010114478704669815,-0.13557325557928307,0.02184086318135541,-0.34195491926008664,-0.48896240362827204,-0.8864344039741092,-0.8873254047668457,-0.8881825787701368,0.3295360600104593,0.3306381650139876,0.3325386105981149,-0.0015593337987488368,-0.4643365663993755,-0.7929785365799437,-0.002871177550221365,-0.2426244689892698,1.3337445731815991,1.0355597179364855,1.0392808387052797,1.0200857750638337,-0.13549620846818744,-0.1284929982863303,-0.1620185848263975
-0.2732545301182949,-1.7912658900117118,1.2082419749158329,-0.01009158836780868,-0.5127676650215156,-0.22218851601501965,-1.278394714598023,-1.2757416465883813,-1.2833944963797603,-0.0004116360189795763,-0.0004106230539327527,-2.6262149153121888,0.7494224611423735,0.970667788400414,0.7718561764524878,0.9058027071749236,0.9502478934089236,0.3113386487936776,0.7599014652673974,0.7596050360653573,0.7590643894345597,0.7600693750084597,0.7600112205675771,0.7599856391635484,0.102872304759665,-0.9493587134171736,0.9781668185886568,0.06221062134185148,-0.570235730061748,-0.2987929617811905,0.8887102728135405,0.9053558493985294,0.9196637384088254,-1.717432029517001,-1.7147788860542923,-1.7115495602159183,-0.0067290559192734285,-0.2887741462845793,-0.18550385839228464,-0.009406337828290886,-0.27064479542302905,-0.4642430994463778,-2.081489777059612,-2.1236481526311493,-2.036421568717856,0.14905020627890267,0.12441574231580835,0.05847112003440781
-0.01576131383386822,-0.7820642109177253,-0.2273832007413066,0.11692931698924355,-0.06809945963197309,0.3954769290159473,-2.3448299984024046,-2.343774276643352,-2.342033042172037,-0.0004116360189795763,-0.0004106230539327527,-2.5505490900371144,-0.4709888449937199,-0.07661710299118532,-0.4591807578495371,-0.4897818960220146,-0.2614209219846265,-0.5645308963421304,1.107106456365086,1.1070838088778532,1.1081740435183924,1.1089348157635224,1.1091505589832529,1.1102707886047252,0.028421535332783826,0.3852181815111386,-0.2422006393855553,-0.015368793198247778,1.0008733795732156,0.4023804367479973,-1.085871569175638,-1.0817465463470757,-1.0810070312482614,-0.4213156268320212,-0.4230740224705433,-0.4308640103503046,-0.014194362160463443,1.0604667590890493,-0.0917707431751383,-0.0169519497995078,0.5864447080632557,-0.04864102234037356,-0.4956224901317451,-0.48765039849159203,-0.4668637435326372,0.11743393797367045,0.12441574231580835,0.12146817856606645
-0.09112433170918446,-0.2730622332179008,-0.4278856401572721,0.2065783520043531,-0.25012368166957505,-0.1933320904467519,-3.373560254815916,-3.3731673037674064,-3.3699883996939666,-0.0004116360189795763,-0.0004106230539327527,-0.0004090546889410085,0.395435485297127,0.11796860972371502,0.08569398575007492,0.4146681271318756,0.15847577516568762,-0.44175334141365147,-0.5941479704759626,-0.5940361732135587,-0.5948303980876885,-0.571345816814859,-0.5714906736349392,-0.5712989531889292,0.05288994200005305,-0.232391822972802,0.2677982060188169,0.029064931174512438,0.19114136499478893,0.4696052354610708,1.727436537659454,1.7364038790959495,1.7425644459104526,-0.6456566936907878,-0.6453442953252208,-0.6622736590445185,-0.006335835401380723,-0.5756818641524051,-0.3760582796295553,-0.011429239734548373,-0.5000597122779344,-0.9127119781646202,-0.4682799507019575,-0.48765039849159203,-0.43932764133640856,0.6865267674679209,0.6618468160954232,0.7514387638827229
-0.060311437477313774,0.06543119217567411,1.8063748615028643,0.023646776998042275,-0.971122752190792,0.6081886194351395,-1.7102886647116518,-1.7104851705513413,-1.7219255330264625,-0.0004116360189795763,-2.3786541093981657,-0.0004090546889410085,0.7839577758589834,0.6906322634763502,0.6584070493044795,0.8607328957987611,0.7951537975129039,1.31524228026163,0.763153385212837,0.7628571772075912,0.7630685144993206,0.7756414825151652,0.7753331627570419,0.7758163166490535,0.05553696712987331,0.0907119422835824,1.4563307872223648,0.009928569071944195,-0.22406114500446814,1.1873606733748796,-0.5201369481441637,-0.5229445841353921,-0.5138242133162332,-0.4286088863326599,-0.4250281136043724,-0.4138036019622012,-0.0015681591969060307,-0.5733543753906225,0.10685936950466156,-0.0068494313879966535,-0.4722562241398793,-0.22985010741099945,-1.0971583575871346,-1.0875162416760904,-1.1552662984384152,1.1291545237412424,1.104437112149236,1.0979225858069157
-0.15046871652686594,-0.746927107955245,-0.7238538961954094,0.10652596471861857,0.5914040341576877,0.20319507505316164,-2.9671686141375684,-2.966203707248745,-2.9611534246172244,-0.0004116360189795763,-0.0004106230539327527,-1.6937050726080392,0.37954139159232375,0.10687512533164847,0.8746438193624906,0.3946605005863823,0.3518101638612171,0.15528537274735002,-0.6204134777275887,-0.6205536317579247,-0.6221085000913718,-0.6019877057796664,-0.6021345580138691,-0.6032115887549473,0.16056113181823345,-0.10108742241452284,-2.3777006513150374,-0.01982762947775244,0.3447216200896455,-0.2831424976428966,1.0181071576828795,1.0246985251893117,1.0791041184038783,-1.6196153590992777,-1.6270979056451682,-1.6565388609597425,-0.009490915242577207,-0.5921883262204339,1.3978391135363932,-0.007552910414871419,-0.5202337048264021,-0.3917625114609089,-1.8627494616213107,-1.8509818602745869,-2.0088854665216265,-0.32519381829958083,-0.31817455373793424,-0.4455053482189314
-0.0427825598300195,0.13240049435887696,0.018303898592980938,0.04830425554314896,0.02208239397375677,0.021759028230574386,-2.8999851107865595,-2.900387492178342,-2.9002806114267234,-0.0004116360189795763,-0.0004106230539327527,-2.847044799017576,-1.0461980584043389,-1.0336250173435604,-1.1000908710084152,-1.1050269426256842,-1.2514026853759186,-1.1850362685552114,0.5004983126965747,0.5006845682029147,0.5017993540236777,0.4968505255402768,0.4970264095451224,0.4984025397602024,0.009116102728938608,-0.6604173842923895,0.063529753549336,-0.02549047708944993,-0.2954079051551625,0.2378293141749088,-1.351078109499574,-1.3531070729542698,-1.3512999809027062,0.3545010592442692,0.3551098658972271,0.35386412108324405,-0.0011710162798323472,4.890080331783932,0.08557550049634424,-0.002936729004998335,-0.1673976424759359,1.2950598298567215,1.1996149545152726,1.2028806141192778,1.1853023882412668,-0.13549620846818744,-0.1284929982863303,-0.1620185848263975
-0.2916898334195861,-1.3148989367334942,-0.21277199664804086,0.17749465604508893,-0.09146502304195506,-0.04008002207600316,-3.4752952741760152,-0.0007268519545600103,-3.47171729020602,-0.0004116360189795763,-0.0004106230539327527,-0.0004090546889410085,0.3739490252887819,0.4747590536847812,0.0049127397928783074,0.3924491313366172,0.1475064481475016,-0.16456517650249086,-0.6084063886982741,-0.6085457260019855,-0.6093453514474464,-0.5979690973908397,-0.5978645085512317,-0.5986885380448029,0.11551580244140765,-0.5440730131774418,0.4430502325259064,0.012001636924956793,-0.19561938659698425,-0.049680425160882793,1.3658845320625996,1.381289152874749,1.4723613073656856,-1.4131584570076812,-1.4137678528483726,-1.4185643995366146,-0.008748110897680137,-0.42686309869036804,-0.7065381911933039,-0.011953251668771564,-0.4832748219808416,-0.8761594647867835,-0.11282693811471775,-0.13318421842806066,-0.08135831278543577,0.02258513305797374,0.029574964590006362,-0.004525938497250851
-0.055973144847183895,-0.34571251372843903,-0.8125495999261991,0.007593950735615777,-0.5294611385396474,-0.09735474363174884,-2.3294463472269293,-2.3290478985213485,-2.3235244165397897,-0.0004116360189795763,-0.0004106230539327527,-0.0004090546889410085,-0.6235525222219234,-0.5280919353580535,-0.5950919009348823,-0.6016139980815596,-0.487038649501734,-0.6520145975602821,0.12677766665915,0.12668833684605285,0.12691314483544722,0.1311571621569992,0.13105805265905004,0.1315328710484963,0.06811926191844092,-0.0572563722834131,-3.0004375290503167,0.0006300979715009576,-0.6610764268823345,-0.0008647177842891762,-1.5810400626869312,-1.5794975236424509,-1.5383636922029296,-1.143378663828706,-1.1389801151689691,-1.1335826370916344,-0.013836443235199506,1.1178982999642009,0.9882551220616238,-0.016802860210289452,-0.009266307571746015,0.2633651397672784,-0.11282693811471775,-0.10591758919240438,-0.19150272157035048,0.37036408441559854,0.3773244829180172,0.3419578834269417
-0.1819007692054668,-1.33298950460096,-0.1253215176989053,0.4067374438327634,-0.6851432360161508,-0.4272207807850496,-3.482150733701629,-0.0007268519545600103,-3.479120740458918,-0.0004116360189795763,-0.0004106230539327527,-0.0004090546889410085,0.3435344015326772,0.34898292659094315,-0.5036947326381332,0.3793915224332432,0.13166186467678834,-0.22290328841996,-0.6174117054702604,-0.6178018200221889,-0.6176038593935158,-0.6135412048975452,-0.6134376301208518,-0.614016654340292,0.14851436234494736,-0.4068891194579736,-0.3409665708764263,0.005882805685034036,-0.19307783840211928,1.0240788220749113,1.0207107425404942,1.0337592767871495,1.0250378303778744,-2.6199349596792865,-2.6170019997098444,-2.628597165495677,-0.008743698198601539,-0.4491167995927741,-1.0228820180955338,-0.013060032024121686,-0.5568528743420258,-0.21401068494727016,0.8168194024981844,0.7938811755843127,0.8273330596902327,-1.6846933554247776,-1.6775590344746398,-1.6739479895864149
-0.08367909083735438,-0.612228879744056,0.3580636927630029,-0.14796955484758326,-0.3459035900455652,-0.044067399158892816,-2.184055761607726,-2.1832649821404053,-2.18532667848568,-0.0004116360189795763,-0.0004106230539327527,-2.595076096560816,-0.4562720915633465,-0.3618845550136696,-0.08967376139558163,-0.5316926084699422,-0.5022890610922954,-0.7135911082889381,1.0783394722323516,1.0783148680042491,1.0788938789823297,1.0790464158716204,1.0792602127447892,1.080117117203763,0.03509724090585078,-0.4727589598530383,1.134102787587162,0.08382005695803288,-0.6420672184764115,-0.031221261654912937,-1.021538654664328,-1.0176795888734134,-1.02033321158168,-0.41561049734747135,-0.4144172974994345,-0.41795726433697694,-0.019411643371057358,0.07722734201523379,0.8215218157975586,-0.01668574694047451,0.035571033351062105,-0.5446586288776186,0.297311153332158,0.2758152201068438,0.24907491356936945,-0.5148914281310445,-0.5078561091896084,-0.5400009360164193
-0.14491860252239244,-0.2466914054309983,0.2853774148086332,-0.2913511375086083,-0.9125631069922661,0.21756360318199114,-1.7389444855287146,-1.7386764493398308,-1.7403244779142222,-0.0004116360189795763,-0.0004106230539327527,-0.0004090546889410085,0.7536412637924144,0.7951208934935194,1.2854754577133312,0.8712632255595464,0.8458869349720144,0.6990078398140277,0.7496454100548582,0.7498486126386571,0.7493043345892051,0.7324414423352723,0.7323814887505093,0.7330986154976907,0.08052814850967928,0.05902123018240124,0.8049860044092059,-0.010798685729275058,-0.7107938258488943,0.07643390274875299,-1.0807670037897723,-1.0768183188491016,-1.106385084811488,-0.9209494222759324,-0.9156467357388924,-0.9215331074174118,-0.004596741664516085,-0.5198155982746469,-0.43099327940647214,-0.010019883456843594,-0.0718763576942988,-0.654529392005833,0.4887089293406717,0.4666816247564377,0.5795081399241747,0.6232942308574564,0.6618468160954232,0.7199402346168936
-0.09491179644188544,-0.028313770502231543,0.041440855022343286,0.04902635554719111,-0.008859533306269159,-0.0494478603074422,-2.762108108807426,-2.7622282873763866,-2.76216513393098,-0.0004116360189795763,-0.0004106230539327527,-0.0004090546889410085,-1.057696748417937,-1.2552248636726562,-1.1662877532708014,-1.1234128983880165,-1.1711133056733625,-1.1335316474625077,-0.3735177095623021,-0.3733909049481725,-0.3723511991769161,-0.3854851788316003,-0.3853667529399642,-0.384597471097972,0.043520799103174766,0.0003068061532151735,0.4211594635603131,-0.02336205895244553,0.10315139439689636,-0.4208409637406088,-1.3014432651696757,-1.3033114409434905,-1.3045982038702777,0.19769092224162685,0.19853957940222708,0.19563997725581064,-0.0042780467310618905,-0.4354900840622259,2.1668421191230047,-0.005398106191074916,0.6510143338951342,1.4953371427394522,1.1175873362259094,1.121080726412309,1.1026940816525803,0.14905020627890267,0.15602933489107568,0.15296670783189578
-0.020879132526435445,-0.006810475508404999,-0.13500282163272126,-0.030075546223037236,-0.2625952079169836,0.1381343796858216,-2.0112433378860692,-2.0113475436919224,-2.0102487900976853,-0.0004116360189795763,-0.0004106230539327527,-0.0004090546889410085,-0.7498222666545269,-0.8867562787096712,-0.8953448117402543,-0.7588318214100911,-0.7929000511921555,-0.8048294747954224,-0.9921329422601278,-0.9920482160822994,-0.9917392951321036,-0.9794857313051236,-0.9796571663870788,-0.9791273588869416,0.009759243131386269,0.2659334218093547,0.22279224975029704,0.07530067819517074,-0.5995945419416058,1.0268735478138924,-1.4829246727324814,-1.4861948832511205,-1.4928166294377858,-1.8975886893039355,-1.8968232310607656,-1.9077847802144705,-0.011095666807493463,-0.3786549162288784,-0.3635605309339357,-0.01160431008328198,-0.09423479529578503,0.17297382022666938,-0.14016947754450546,-0.13318421842806066,-0.13643051717789312,0.6549104991626886,0.6618468160954232,0.5939461175535763
-0.18901272433682725,-0.2619558845868299,-0.9254698130611816,0.04341410485205818,1.183748535755567,0.3688664149213549,-1.7283596560211685,-1.7280635846597283,-1.7218981128403408,-2.558787236545964,-0.0004106230539327527,-0.0004090546889410085,0.7404942973946139,0.7694859498307709,0.7607390732299518,0.8390404164915425,0.7040474425563026,1.3277265423453368,0.7441421609164217,0.7440948244639357,0.7432981469920641,0.7271670188249366,0.7268555423870958,0.7260627588374658,0.0862608195037409,-0.2810045355918497,-0.29541134283041104,0.07096966112818323,0.5845704054071099,0.0010614304843977237,-1.1223345827234157,-1.1189520971716242,-1.1227820274069398,-0.6957687707589784,-0.6997652271611379,-0.7025236605444796,-0.004122131363618152,-0.405516211591254,-0.4177996003890548,-0.00814687054778954,-0.4530459573500965,-0.5331598173775075,0.1879409956130073,0.16674870316421878,0.19400270917691206,1.0975382554360102,1.0728235195739686,1.0979225858069157
-0.2728501248265117,-0.4608441277386974,0.6361185615838294,-0.19763789362119072,-0.6841363280896602,-0.18861479213491766,-2.9926709235728493,-2.9919817248179865,-2.995702859130752,-0.0004116360189795763,-0.0004106230539327527,-0.0004090546889410085,0.3818960721411835,0.34418574415113073,0.5132468408331716,0.3522232716504161,0.32971915806070323,-0.07900574124460956,-0.5891450167137481,-0.5892830438518327,-0.5898252417567375,-0.5683318605232388,-0.5682253416929225,-0.5687861472388488,0.1109969888286509,0.2646108889515201,1.5189248835327651,0.1793649183146057,-0.0004009736271824083,0.34517007193293936,3.5271164747063017,3.532126773670232,3.489903735483664,-2.672636599066705,-2.6710685626872945,-2.6660814357070683,-0.011187843188246371,-0.4133834340468402,0.5418448177250521,-0.010024679904754105,-0.4978110188410033,-0.5580612171161589,-0.22219709583386849,-0.2422507353706857,-0.02628610839291728,1.350468401877868,1.3257322601761072,1.4129078784652087
-0.19869056131950208,0.723845059952226,-1.5241126893198802,0.1917848873197727,-1.0453336328782752,0.43562480715068586,-2.9312460062233545,-2.9324728970251637,-2.922216760324201,-0.0004116360189795763,-0.0004106230539327527,-1.6500806405408988,0.35148144838507883,0.5737009415059169,0.5167095451156012,0.4064544699184622,0.2061618773419686,0.06803633810971951,-0.6159108193415956,-0.6160506670994479,-0.6168530859438732,-0.6009830536824597,-0.6011298404932485,-0.6017039051848994,0.07897257497481383,-0.29199568244919394,-1.1446999424584334,-0.03821020059936014,-0.06726858260352445,0.281543482608804,2.2686743750552423,2.2590013366936104,2.3541781028159154,-1.2719463867872651,-1.262705470896394,-1.2740979959651455,-0.010669596196460093,0.10384355256590874,-0.30750914293246817,-0.008719646369102914,-0.5662146669828493,-0.5246308975893456,-1.75337930390216,-1.769181972567618,-1.7335244445593396,-0.009031135247258496,-0.033652220560528294,-0.03602446776308018
-0.08777613479342046,-1.2778897750066196,0.6552006751320443,0.06657242710558707,-0.8125082561915267,-1.2853181228099042,-2.153123928228159,-2.151289270985368,-2.155274154496136,-0.0004116360189795763,-0.0004106230539327527,-2.647726273193572,1.0834927640118486,1.04502411621751,1.5688704660910873,1.1175676386643258,0.938973862862454,1.4764112877633109,1.6874490927819699,1.6874659204149238,1.6867701153763288,1.7092144438445882,1.7092180981739369,1.708318604723807,0.09814948150299148,-0.8643442468955901,1.914171700088748,-0.05630175476389754,-0.2923685279324373,-0.5074425275772843,-1.6487589200672568,-1.6444371880688793,-1.6590954839268734,-0.017745489501449774,-0.013664592907098087,0.002799910227981192,0.004800346173303946,-0.2866664169039549,0.7768662868155306,-0.004483183752145178,-0.4641609277669274,-0.43854972858454,-0.4409374112721698,-0.4058505107846233,-0.19150272157035048,1.0343057188255456,1.0412099269987012,1.066424056541086
-0.05753916947708936,-0.05454797400046337,-0.11180254148579356,0.032454959237613996,-0.12474421326503285,-1.0532111299595814,-1.980887363106654,-1.9809075442218607,-1.9799494844330443,-0.0004116360189795763,-0.0004106230539327527,-2.7770952786340564,-0.7409922145963027,-0.8667880068039512,-0.8163404798227254,-0.736823432210049,-0.9241206256472062,0.0401110150277451,-0.9981364867747852,-0.9983023336635176,-0.9977454827292448,-0.9872717850584768,-0.9871925477917338,-0.9871683379271984,0.016744023314987137,-0.12113342530434255,-0.2303340803592509,0.04441008413438437,-0.05986665100507746,-2.5198430193834858,-1.3699316550202327,-1.3696628372052762,-1.3754206789304444,-2.04294810542624,-2.0439369314469755,-2.0564048461607154,-0.012382704038750771,-0.4896293189668678,-0.12500141604098505,-0.013615620573755729,-0.5776316048040679,2.277713231164234,0.4887089293406717,0.4939482539920939,0.4693637311391989,1.0026894505203134,0.9779827418481666,1.0979225858069157
-0.2252418604765811,-0.1905494431207114,0.7477638005396438,0.22939159991966715,0.2132836101834957,-0.9040437025544404,-2.152109320218368,-2.1519474331360717,-2.1565354830577403,-0.0004116360189795763,-0.0004106230539327527,-2.60109325960456,1.063085532588398,1.0187895247497842,1.088693618294757,1.143051036685427,0.8536568749432294,0.9143378940999072,1.6849476159008627,1.6852144380856848,1.6850183106604968,1.7019307161398392,1.7016827167692814,1.700528906278559,0.04621882664397423,-0.09739075047500256,-0.2250130100147653,0.05260706175853135,0.09831459236831826,-0.6025330708461144,-1.3369700142120058,-1.3375780227653409,-1.3725980440548575,-0.5506925880153392,-0.5504240653788536,-0.5482505614150036,0.002409643872499893,-0.4690258557965786,-0.840693259268208,-0.0049512371274124285,-0.5459948974608442,-0.5691792732685842,-1.2338710547361336,-1.1965827586187758,-1.1552662984384152,0.18066647458413493,0.187642927466343,0.278960824895283
-0.4393117099305306,0.13097124949452196,0.9109179963338468,0.1894524404040613,-0.7831136107585412,-0.8896751744256111,-3.0354489910126747,-3.035859201531589,-3.041494569954237,-0.0004116360189795763,-0.0004106230539327527,-0.0004090546889410085,0.3573681497572277,0.3557289643969299,0.15886639466561772,0.4185643491433661,0.14354530227982334,0.159697104461141,-0.635672486702343,-0.6358136786560976,-0.6368737112676773,-0.6152993460676568,-0.6154470651620929,-0.6160268991003559,0.14912129103559982,0.5738652955626575,0.2685648978749042,-0.040539477498891495,-0.0385608786890521,-0.15088210204561833,1.953166062260541,1.9535539032254297,1.9147451733212209,-2.4412956215637744,-2.4364763783825127,-2.4133158838762023,-0.011419264739923876,-0.34382836448623644,-0.548938970402835,-0.012864177067775873,-0.5826432999911482,0.08829383090134761,-0.5229650295615328,-0.5149170277272482,-0.5770081523175519,-0.07226367185779317,-0.06526581313586582,-0.09902152629480876
-0.13645398141506734,0.30354986678063073,-1.2108515334982937,-0.15372079381783044,-0.3555663731296055,-0.14217128813696264,-1.3941971369046804,-1.3947318787510812,-1.3867685980591242,-0.0004116360189795763,-0.0004106230539327527,-2.6711932090641715,0.7252869855165616,0.6479073573717691,0.5549359779176813,0.904223157710806,0.7991149433805818,0.717687299623483,0.7373881733374323,0.7373403774762199,0.7367914437618274,0.7399763330643236,0.7399168701551645,0.7398831915629069,0.1648504345815838,0.2574846196690131,-0.9810856117370254,0.11488469057157698,-0.38087728878041577,0.7623876906910733,0.4369049339997628,0.4374694173838457,0.4468595665895846,-2.1985241541361256,-2.2000617256627604,-2.1843579090714904,-0.006114710147553276,-0.4807735877707562,-0.5873311264886824,-0.009665745719450959,-0.2661393775011778,0.04659350522279887,-2.2728875530681867,-2.2599812988094907,-2.2567103862877462,-0.009031135247258496,-0.033652220560528294,-0.0675229970289095
-0.05307397725539991,-0.20766618041939106,-0.10183649331863008,-0.06148050613334843,-0.3297400680676915,-0.2398949637553157,-1.9342702383324848,-1.9340683378300905,-1.9331706469091727,-0.0004116360189795763,-0.0004106230539327527,-0.0004090546889410085,-0.7456034640044861,-0.7813381945947883,-0.9910840289595756,-0.7687303313852298,-0.7616679395431535,-0.9349755603522544,-1.005140622041886,-1.005056780651234,-1.004502443776029,-0.9968159799819408,-0.9967373642376296,-0.9964657199424952,0.02407153970036821,-0.2242126634539606,-0.09199197298364152,0.08933796671267967,-0.29658697390535754,-0.821360096208331,-1.7191711410933916,-1.7179755827652103,-1.708106689493873,-2.0683379547280487,-2.0671227796152083,-2.0517446395938936,-0.008703003307098927,-0.10020589216220956,-0.5535785058814873,-0.010436375017072856,-0.28217738033528994,-0.31124037053231607,0.297311153332158,0.30308184934250004,0.27661101576559816,-0.04064740355249073,-0.033652220560528294,-0.09902152629480876
-0.07822938090532366,-0.13735777342084995,-0.014080020566494125,-0.05070332332965735,0.06380194572801275,0.1326654968257102,-2.72580159515978,-2.7257551348582054,-2.7253398239693385,-0.0004116360189795763,-0.0004106230539327527,-0.0004090546889410085,-1.0809982746826947,-1.2282706948389588,-1.1835192632657316,-1.1448737104404978,-1.1086490823753583,-1.123544237795543,-1.5034348167584517,-1.5033848695227179,-1.5027657565222017,-1.5054211041928864,-1.505375609051834,-1.5050576442387231,0.05951005494515268,-0.09177704789786373,-0.03822742049647803,0.024996970611857117,-0.6722775800091879,1.2866898840144976,-2.7098159411040705,-2.711064759310078,-2.706934530695684,-0.012226484808594552,-0.012481000919820186,-0.017073125309991936,-0.008025408848585555,0.004788441170287388,-0.9006882524265301,-0.00881237769537277,3.7204005648261815,0.5924900623068841,2.4026866894260515,2.4026123004882742,2.3968908848754507,0.8129918406888498,0.8199147789717598,0.7514387638827229
-0.15529369000814186,-1.1737925073672628,-0.7858176413029758,0.2440732349576039,-0.5405724558337266,1.03075597899007,-3.45253514855098,-0.0007268519545600103,-3.445668113390264,-0.0004116360189795763,-0.0004106230539327527,-0.0004090546889410085,0.34716453404550235,0.32499701439187995,0.2555031812844634,0.3996097555739519,0.20098191736115856,0.038749948860724436,-0.6289184991233536,-0.6290592316683821,-0.6298664924043456,-0.6170574872377685,-0.6169541414430236,-0.6172833020753964,0.09455891177005607,-0.33783492810423904,-0.2636908976800583,-0.021723804670585045,-0.3306751615498868,0.41240651533659184,0.9993049143269026,1.0039717350611137,1.023511041513353,-3.0396261339948336,-3.0422446298695696,-3.0592610375730365,-0.010673028295743443,-0.4324755408783097,-0.673785970423693,-0.013515694575620107,-0.5095491985817836,-0.8665796602390088,0.2699686139023703,0.2758152201068438,0.33168322015805546,-0.2935775499943486,-0.2865609611626669,-0.2565141726238855
-0.007802896591775267,-0.01810367000461449,-0.07806672470500732,-0.032283382961059925,-0.0874320918205905,0.016043006686647095,-2.428905354024525,-2.42903369858247,-2.4282421073391243,-2.820964399899039,-0.0004106230539327527,-0.0004090546889410085,-1.0824012718430571,-1.2927178426788173,-1.1304487639476593,-1.1474220502426078,-1.2380719060135397,-1.1716321134758638,-1.4494029161265354,-1.449349293620991,-1.4487100681479312,-1.4544350102596408,-1.4543861948803358,-1.4537964028570871,0.017296889450001626,-0.2199754222589564,-0.013590292643408265,0.03265242844725953,-0.15644810256272498,-0.3572958872505272,-2.9293892059433104,-2.9323216396878697,-2.9385188920790184,0.23999385044089475,0.2402538564559907,0.2347350579979073,-0.008826558881299627,-0.4631438203157664,1.6591029551779988,-0.007903850520323715,-0.05550908189263607,-0.3552252282969796,2.129261295128114,2.157212637367308,2.1215298629131025,0.4019803527208308,0.4089380754932845,0.3419578834269417
-0.25085884395954017,-0.3417523894191431,0.7313166336283761,0.02043753772565289,-0.2723993114117594,-2.010376157618532,-3.459116389695568,-3.4587283833589293,-3.462942830647028,-0.0004116360189795763,-0.0004106230539327527,-0.0004090546889410085,0.3374514767814561,0.1956230004681828,0.3297235138644259,0.3874998763490479,0.12373957294143155,0.790480872901033,-0.623165102296807,-0.6230552787904123,-0.6238603048072044,-0.6107784116302262,-0.6109258363192999,-0.612508970770244,0.08786739544958558,0.03482658295892745,-0.3200942433316054,0.0681736158543705,-0.2125455735442294,-1.6825897667470795,0.8411788172356072,0.8422899381353931,0.8139432321595907,-2.711682343411318,-2.7158202870993424,-2.660813376109791,-0.010100848315218763,-0.4691892456710456,-0.6076870884012692,-0.012291401246462498,-0.5196378010656152,0.08637482394901105,1.254300033374848,1.2574138725905903,1.240374592633724,-0.8626703794885991,-0.8239920349422817,-1.0124788750038594
-0.08582522788581788,-0.8842534186626029,-0.8921929869848957,-0.03754416905245553,0.1509100804002453,-0.2760152329284041,-1.3423972847291474,-1.3411465103145943,-1.3352186481500514,-0.0004116360189795763,-0.0004106230539327527,-2.659459741128872,0.7826823238950176,0.6527045398115814,0.1134867438064143,0.88927008945049,0.7081609401881224,1.4912422156522251,0.7586507268268439,0.7588545419556112,0.7588141316180121,0.7673531027132088,0.7672954225920771,0.7667702152287653,0.06674729706310056,-0.2562359347883254,-0.5993302832157711,0.09164898372470856,0.017930925285573104,0.40126254645240494,1.1391289641678712,1.1474293573849508,1.1390337888759874,-2.2441449590569045,-2.2475471526972632,-2.2209303997371985,-0.006274547914177997,-0.5187290556094413,-0.7737969570853908,-0.009154924016981671,-0.4150751624579173,-0.05121492849072952,-0.6870202661403195,-0.6785168031412464,-0.6320803567100703,1.2240033286569392,1.2308914824503052,1.223916702870233
-0.05196674345651752,-0.3175236288722689,0.11193842730247457,-0.0926985507771266,-0.4128364695801699,-0.9373786878133248,-1.9693976129417263,-1.9690332020862429,-1.9695298137067423,-0.0004116360189795763,-0.0004106230539327527,-0.0004090546889410085,-0.7445242354195922,-0.6918107773117846,-0.8751608907255682,-0.7590424280053067,-0.6199503285387552,-0.6394364688443676,-0.9933836807006814,-0.9932990395985428,-0.9927403263982938,-0.9897834153014936,-0.9899555209734404,-0.9901837050672944,0.02289542410318796,-1.4464384660904956,0.10721631323566412,0.0869698875522056,-0.7931321269041851,-2.3583311610515403,-1.4467566466316255,-1.4439712674481655,-1.4668997092164933,-2.047803534774793,-2.0462656410883264,-2.0092962363004543,-0.010738728482024772,0.6781344528362591,-0.4251213673163029,-0.012003214667839372,0.5219553927112677,0.4048538269673216,0.10591337732364432,0.11221544469290624,0.08385830039199743,1.0026894505203134,0.9779827418481666,0.8774328809461102
0.004786658491738888,-0.2733142411284924,0.016257990026809298,0.02219065914475851,-0.006910194890686253,-0.022810377590823525,-3.0072044977671486,-3.0070646074382874,-3.0066709335794912,-0.0004116360189795763,-0.0004106230539327527,-2.9218080498360885,-1.0509662865157796,-1.0657361573000563,-1.1354104546891928,-1.1044688351483625,-1.1916198531268047,-1.1387318588868485,0.5170080601118825,0.5171954386173312,0.5185666277323634,0.5171947305087146,0.5173719393376904,0.5185049873608438,-0.019401385345968976,-5.3884851911760405,0.535831390274485,4.87145658526191e-05,-0.19391628729114688,0.4496811698802517,-1.2026994236978708,-1.2006143668841465,-1.1992369420597535,0.5265349903501869,0.5280823681269593,0.5252482830200279,-0.00040810963913277587,3.039690003445106,0.9227216834256606,-0.002421510558611077,-0.21212254872689745,0.2833167199860143,1.2269574939450605,1.2028806141192778,1.1853023882412668,0.37036408441559854,0.3773244829180172,0.3419578834269417
-0.18219361441675816,-0.7746299775552742,0.08069306008499658,0.07105360080323805,-1.6657479010584946,-0.3963306558508553,-3.0409333586331653,-0.0007268519545600103,-3.0401235606481443,-0.0004116360189795763,-0.0004106230539327527,-1.7988549967974568,0.3709075629131716,0.31930036024460245,1.03857552999644,0.385709720289715,0.17051156453286387,0.285994658097432,-0.6311698283163504,-0.6310605492943722,-0.6328695862029163,-0.6158016721162601,-0.6159494239224031,-0.6160268991003559,0.13832408063130405,-0.7853004384215123,0.27438946734876035,0.0201038913826848,-0.2463193428553733,1.6488397610241257,3.075400914680717,3.0825543537378617,3.1991723432982684,-3.1806358946590603,-3.1699186671627633,-3.1723217012376637,-0.011698735681568321,-0.31236764415761475,-0.6621291375335793,-0.010228928644943307,-0.5522117317091598,0.4394264125371923,-1.288556133595709,-1.2783826463257446,-1.2378746050271623,1.0026894505203134,1.0095963344234342,0.9719284687435982
-0.3575242259198855,-0.6752128568269038,0.4987613433481262,0.09643893059135714,-0.4685873716153275,-1.7400709853734129,-1.582831961211452,-1.5818967403575408,-1.5849342831617137,-0.0004116360189795763,-2.398660326601791,-0.0004090546889410085,0.7619807574029591,0.5510642368680511,0.33168267549790514,0.8804246124514301,0.7544758764871303,2.955139278257036,0.7536477730646294,0.7538512478906365,0.7538089752870611,0.7595670489598558,0.7592576824271116,0.7572215526184606,0.06929741761206036,-0.14976561967022076,-0.7604385614523567,0.13518169677351974,-0.07614697029249351,-0.5099927148141045,-1.1749962547695558,-1.169979786056897,-1.233057239932689,-0.3429712511975569,-0.3471783378115598,-0.3593804939687979,-0.0028640218263205307,-0.5333875781972486,-0.33299759096831394,-0.006437736275677903,-0.4804639551846777,-0.15736951942553054,-1.9174345404808861,-1.8782484895102431,-2.0088854665216265,0.5600616942469919,0.5670060383696212,0.5624475882877471
-0.07142979399934063,-0.10816445703532199,-0.18871748380107065,0.008460630497104427,-0.0200180162874314,0.11744812026588522,-2.052485782392158,-2.0524278312650326,-2.050967766488629,-0.0004116360189795763,-0.0004106230539327527,-0.0004090546889410085,-0.7381469755997638,-0.235613718480726,-0.7287249490975766,-0.7841046128359769,-0.8731741957182976,-0.993003912383436,-0.9781246717259272,-0.97803899270037,-0.9774745995888932,-0.9754671229162964,-0.9753871169244408,-0.9748555887718052,0.044714255520087946,-0.7376378950401322,-0.11170281958230044,0.06028192072440512,0.3958277000286574,0.30669601425963355,-1.5225555949493768,-1.524824999836802,-1.531050501843456,-1.838817763230825,-1.8407317031777928,-1.833728019337371,-0.009121719419667973,0.8436483956713345,0.8107928900031752,-0.008694465017572737,-0.15830649615234302,-0.07760888919230921,0.5433940082003077,0.5212148832277501,0.551972037727946,0.7813755723836175,0.7883011863964924,0.7829372931485523
-0.11818601823451405,-0.8693489508076164,-0.35253466616844104,-0.026457058370923343,-2.089620808008307,0.1878362237548374,-3.128683240561014,-3.1277276684006936,-3.124851935764652,-0.0004116360189795763,-0.0004106230539327527,-0.0004090546889410085,0.3967109372610924,0.30790705195004714,0.2378251646846935,0.3562247969595146,0.4645504693259073,0.06827100469024035,-0.5946482658521839,-0.5947866673233049,-0.5955811715373316,-0.5778760554467035,-0.5780213375189739,-0.5790886516341774,0.06882819543105176,-0.8792131114526046,0.014015878030264146,0.06536615815086871,-0.8843527458776124,1.1386625773731345,1.6780582041529664,1.689175032240365,1.7392286046938508,-0.8737101409056356,-0.8533385655959647,-0.8874426832927279,-0.00728652690286945,-0.3194342562283127,-0.9344553715820959,-0.010627833229500705,-0.4388791886974307,-0.3663889750911272,-0.4956224901317451,-0.48765039849159203,-0.3842554369439512,1.4769334750987968,1.4205730379019093,1.3184122906677207
-0.06257192360828147,-0.23517104380395554,0.2292870507531007,-0.07136305176388995,-0.4368786044565481,0.2143362107099771,-2.185920446598693,-2.185678243359653,-2.186917049280748,-0.0004116360189795763,-0.0004106230539327527,-2.638098812323582,-0.4132991715466564,-0.4267814387072601,-0.3973076997503422,-0.5226365248756663,-0.3947439507848297,-0.7544230932995561,1.101102911850428,1.1010798559998831,1.1024181137377989,1.1059208594719023,1.1058852270412372,1.107255421464629,0.009789334553863991,-0.4960124259262279,0.6739617991525181,0.08145768401240333,-0.7326852023108499,0.18889832436158216,-1.2365716779292044,-1.2354456414401405,-1.2533160602442832,-0.5943004128520305,-0.5908322400685551,-0.5947006638256057,-0.018947329368009483,0.08144280077648255,0.9267812769694818,-0.015742445518074258,-0.03979232097808553,-0.4438955336660486,0.4340238504810964,0.4394149955207814,0.4418276289429702,-0.8310541111833668,-0.8239920349422817,-0.8549862286747126
-0.16541776731278435,-0.31550756558753634,0.9633194350976528,-0.0060289770618812575,0.20397412812629406,-0.30137457980439364,-2.4917013632791423,-2.491367138938731,-2.497286135993936,-0.0004116360189795763,-0.0004106230539327527,-0.0004090546889410085,-0.6026547323507933,-0.4750980605932482,0.2922716333360469,-0.6846982998941593,-0.7363013708135981,-0.6662353923398423,0.13578298343113626,0.1359444308662562,0.13542191059806355,0.14748275873661024,0.1476358917492912,0.14836867091403333,0.05455262059797483,-0.9222917302684804,2.034324901415841,0.04337497676158921,0.2034822845801643,0.04379267058651222,-1.237559244599334,-1.2342520863429745,-1.2468368301889603,-1.109592967945025,-1.1111368477180348,-1.1023795148616116,-0.015367649815472487,1.2308823981581347,1.5474641327229286,-0.013079617519756264,-0.5180123169526336,-0.5274941778039429,0.8715044813577598,0.8756810632913421,0.799796957494004,-0.7994378428781346,-0.7923784423670144,-0.7604906408772246
-0.2617498968175648,-1.0742313821185543,-0.9489293379578732,0.23181990081821602,0.6506702814098911,0.7158420532619082,-3.517250686472768,-0.0007268519545600103,-3.5092829451929504,-0.0004116360189795763,-0.0004106230539327527,-2.0065975508827014,0.3496173262838978,0.27612571828628824,0.3747386695360048,0.3882369994323028,0.1889461279939823,0.3438634368538597,-0.6064052071933885,-0.6065444083759959,-0.6070930310985188,-0.604750499046986,-0.6048975311955761,-0.6054731141100193,0.1400734633278905,-0.3979267123242981,-0.423425996472906,0.027145931122301768,0.014695036604482122,1.0777142668821893,0.9725764865275468,0.9837454680381784,0.9984537419132612,-1.9832667863502764,-1.9865291763754127,-1.9534750663370035,-0.009004047444238727,-0.3720376263129647,-0.2706248358771828,-0.013501704935881126,-0.472400783003682,-0.35563644407248024,0.5980790870598831,0.6030147709347795,0.6621164465128607,-1.5582282822037783,-1.5511046641735005,-1.6739479895864149
-0.19387953284828768,-0.5235400957808691,-0.04533813752576382,-0.19103994446921252,-1.5435410758749648,-0.15019555846121665,-1.3190338786658578,-1.3183027990005751,-1.3178616703349222,-0.0004116360189795763,-0.0004106230539327527,-2.7014294533589824,0.7870973499241294,0.6613994329837418,0.6783631608269003,0.886216293819862,0.77306279171239,0.4231338077537836,0.7639038282771692,0.7638578360205859,0.7643198035820582,0.7746368304179579,0.7745796246165765,0.7748111942690216,0.1262722109169201,0.052671788452311664,0.05305926029083213,0.14402062356767473,-0.731309622102289,0.6401999524447057,1.2667559243556792,1.2716104231932752,1.2589829409298825,-2.489951069827399,-2.4867967562847477,-2.510471059910591,-0.006316223405475847,-0.4910508108747307,-0.2653908599153282,-0.008685271825744256,-0.4233792660785843,-0.2921112218645813,-0.7690478844296825,-0.7603166908482152,-0.6871525611025278,1.6350148166250282,1.673481778504118,1.6648961125919133
-0.05235023123320853,-0.012172483823191705,-0.1347520767108182,0.057105248734007866,-0.022656768661736142,0.08650936339033169,-2.0891213580970347,-2.0892300648585667,-2.0881221186837315,-0.0004116360189795763,-0.0004106230539327527,-0.0004090546889410085,-0.7046908894680484,-0.7835269090829527,-0.7923293593379862,-0.7817879402886041,-0.8048596646772611,-1.0179255032347445,-0.993633828388792,-0.9935492043017916,-0.992990584214842,-0.9862671329612696,-0.986439009651268,-0.9859119349521579,0.033064284804220016,0.5393381998857901,0.4945673479901517,0.02609142261903525,-0.35035250891425385,-0.21316955195315854,-1.588607131977536,-1.58989300352099,-1.5799334058252017,-2.091097779799391,-2.092839833915344,-2.0995624113230202,-0.012999991609856655,0.10010192444061436,0.10794676063247076,-0.011425242694622948,-0.2717048937575822,-0.3037014146481371,0.5707365476300954,0.548481512463467,0.551972037727946,0.4968291576365274,0.5037788532190864,0.467952000490259
-0.09513491660286932,-0.5053775256532346,0.07750562463707647,-0.06252850967903792,-0.14642099776672549,0.23529657743575585,-1.965613399283588,-1.9649471120672881,-1.9652248444856124,-0.0004116360189795763,-0.0004106230539327527,-2.7492658995567427,-0.7452110172463432,-0.6333601075216925,-0.9291061784939386,-0.7918970568589585,-0.8018430997472599,-0.8018257425647564,-1.012144757308986,-1.0120613923421984,-1.0115096626393605,-1.0025927295408803,-1.0025144899811986,-1.0019938930326715,0.10076080494512628,-1.8687501718592443,-0.6284416874230211,0.07410807929266695,-0.5356628141532497,0.742836255208785,-1.2712647667954509,-1.2657465401972148,-1.2683016854019422,-2.3562244531860026,-2.358110236538792,-2.364687641439803,-0.01084512355980871,1.1003338884589984,-0.06771765142800043,-0.008607729251191019,0.12729363243388345,0.2058101614110928,0.6527641659194584,0.657548029406092,0.6621164465128607,0.8129918406888498,0.8199147789717598,0.8144358224143816
-0.042887147405480684,-0.6735568048430165,-0.012593825664977252,0.13422936332502342,-0.3761108278402799,0.007143803526486814,-2.1231518591821783,-2.1222478660855524,-2.121931208171969,-0.0004116360189795763,-0.0004106230539327527,-2.677360801184008,-0.4854112633554856,-0.36860061042940745,-0.6936422872887547,-0.4788303530707975,0.03689906738079225,-0.6734631230198825,1.1008527641623167,1.1010798559998831,1.1021678559212509,1.1101906308850311,1.1104064558840292,1.1115271915797655,0.12167689368769455,-1.1011546691969896,-0.4246046421621145,0.01849359755356244,-0.05535998822655398,0.6346337903479018,-1.3845527719546216,-1.3800583170838152,-1.3720848377138424,-0.4338082419267356,-0.4323382369133088,-0.43092479565334996,-0.015285279432672019,0.5626178115880871,0.8702369383234073,-0.016284843835954403,1.7179390592390458,0.9179597335087052,0.13325591675343199,0.13948207392856252,0.11139440258822607,-0.3884263549101155,-0.3814017388885391,-0.3825082896872028
-0.1889987793267658,0.4126692920667762,1.7861027720540923,-0.09638094128446546,-0.1471099347690611,0.7499728339248509,-2.86186875582415,-2.86254316851286,-2.8736830308885324,-0.0004116360189795763,-0.0004106230539327527,-1.6293214280399837,0.35756437313629985,0.4840535946619179,0.24147011656093464,0.3941339840983434,0.6079134793830334,0.07718833475003044,-0.620163330039478,-0.6200533023514273,-0.6208572110086341,-0.6037458469497787,-0.6038928136749555,-0.6042167111349792,0.03184940737469558,-0.7341582212102953,1.963491728443012,0.08787717571248363,-0.33467089453665905,1.0445734774941058,1.6317580005274026,1.624492046329456,1.6374854475874878,-1.2373514526788252,-1.238608388520676,-1.2341823136319352,-0.010100848315218763,0.012279866914599565,0.4866053484323487,-0.008893517605858891,-0.05115625388257662,-0.3572660769605755,-2.3549151713575496,-2.369047815752116,-2.2567103862877462,0.3387478161103663,0.3140972977674825,0.278960824895283
-0.17503982425521322,-0.5114077149423898,-3.821403664484154,0.08389803450345691,-0.8671992551461681,0.13900975463028564,-1.5641851113017842,-1.563495623560774,-1.5386490089880358,-0.0004116360189795763,-0.0004106230539327527,-3.109844394953073,1.035810482897439,0.9120522154639532,1.5158364162917768,1.1650594258854696,0.8794043230831383,0.9769469377828548,1.6804449575148692,1.6802111440207097,1.6792623808799032,1.6951493144836933,1.6951520528852482,1.6939956108083498,0.08798470099483773,-0.1856922889539227,-1.8021096011481028,0.11881627259944835,-0.33816879849557124,0.1785578391273523,0.04277220616744567,0.04678931605226612,0.08028910736059411,-1.4692993588503251,-1.4665181886372345,-1.4381170053495835,-0.002949824308404352,-0.4423116113212234,0.17350919636517534,-0.006333013829631774,-0.4961807160992282,-0.5818355810256602,-1.7260367644723724,-1.7146487140963054,-1.6509161379705926,-0.2619612816891164,-0.2549473685873996,-0.1620185848263975
-0.2844942082278567,-1.6323749023837333,1.011810953045344,-0.18126283821979228,-0.20001146402276407,-0.5973529960015471,-3.2633244656440565,-3.26100550391826,-3.2671627017370395,-0.0004116360189795763,-0.0004106230539327527,-0.0004090546889410085,0.36335296281891305,0.592290023460191,0.38995634361931203,0.3821294081710472,0.2197211843505598,-0.2668798056095565,-0.6336713051974574,-0.6333120316236105,-0.6338706174691064,-0.6258481930883283,-0.6259965991286096,-0.6263294034956846,0.04989610047557425,-1.9094533675809509,-0.14193565366860345,0.15329322269001291,-0.14798500908910242,0.0110105260235739,0.8521703060187398,0.8804066976900359,0.8460699491071738,-2.6057732907460065,-2.6069784234275075,-2.6090445596827085,-0.01160214660173682,-0.013772648569164296,-0.0623821856275504,-0.012440890539673387,-0.4597117271809994,-0.61771796499157,0.16059845618321966,0.19401533239987506,0.19400270917691206,-0.9575191844042956,-0.9820599978186184,-1.0439774042696883
-0.14964596093323795,-1.1579160089999947,0.5736023276652901,-0.03617824979702181,-0.2768509043499278,1.0900427365924097,-2.170152889689782,-2.1685111805954564,-2.1719456276582187,-0.0004116360189795763,-0.0004106230539327527,-2.629674784062341,-0.4182047560234473,0.9445831088839328,-0.16585325560902375,-0.5247425908278235,-0.43650356933600737,-0.06741321216688242,1.1096079332461928,1.1095854559103404,1.1104263638673209,1.1061720224962033,1.1063875858015455,1.107255421464629,0.05107935641029159,-3.775637110859453,0.3983303553081653,0.023557863228070224,0.030485387322372645,2.623733256305349,-1.0238087754515093,-1.0172560693228063,-1.0296735669881658,-0.5124156199842465,-0.5101981375306489,-0.5463763479044341,-0.015067586278127924,2.9904279562933054,-0.12268164830165892,-0.015285983558590746,-0.07491209383415569,1.0663020169670931,0.5160514687704594,0.4939482539920939,0.4968998333354275,-0.2619612816891164,-0.2549473685873996,-0.22501564335805613
-0.153480838700148,0.7922112059827078,0.19866642088341505,-0.0639838926517866,-0.6886762462845384,-0.3315750153884042,-1.6374014190353328,-1.6387180727016557,-1.63980207559153,-0.0004116360189795763,-2.4349121938655034,-0.0004090546889410085,0.7673769003274296,0.5686039351636163,1.3381905742234699,0.8913761554026469,0.6231486557971805,0.8214099282136734,0.7556489545695155,0.7553522361101287,0.7533084596539661,0.7580600708140458,0.7582529649064911,0.7574728332134686,0.07125080995256358,0.10170565716589322,-0.4733067397666965,0.07818231669165124,-0.44205785615165016,-0.4255337740439813,-1.0248091676628095,-1.0358780956237448,-1.0550259602343417,-0.3309338326042693,-0.32466072806214963,-0.299344876327527,-0.003483270597016905,-0.5556077841753888,-0.55215764814115,-0.004961629431218528,-0.3402498883440353,-0.2676514983292456,-1.8354069221915232,-1.8509818602745869,-1.8987410577367119,0.7181430357731531,0.7250740012459578,0.656943176085235
-0.051219290917221605,-0.2798304456737884,1.368506229237255,-0.1461483291736716,0.3335826098220964,-0.2077492505169405,-2.837737538293992,-2.8375878536319985,-2.8459886429054664,-0.0004116360189795763,-0.0004106230539327527,-0.0004090546889410085,0.3476550924931815,0.22035847242346648,0.3199277056970272,0.3906589752772837,0.36948296850162776,0.6537641230896192,-0.6254164314898033,-0.6255569258228995,-0.6258623673395851,-0.6152993460676568,-0.6154470651620929,-0.6165294602903725,0.14581123456304998,-0.2263698044259627,1.25767749436157,0.0912723735449705,0.115707166510085,-0.642020216599801,2.5359586530488016,2.533904026814973,2.514683385968576,-0.8290907682879957,-0.8377868351215522,-0.7946336564260922,-0.010752456879158179,-0.4118230607456803,-0.2943444610117924,-0.007819912681889795,-0.5952220092144614,-0.003879423666430819,-1.288556133595709,-1.2783826463257446,-1.4306273204007631,0.0858176696684382,0.029574964590006362,0.05847112003440781
-0.06653509546775724,-0.0537937503251929,-0.17133108591114915,-0.07887161375282385,-0.23784647098692785,-0.33077921998434595,-1.9995616348544245,-1.9995828952480883,-1.9982387485763164,-0.0004116360189795763,-0.0004106230539327527,-0.0004090546889410085,-0.7457996873835578,-0.7561529867857718,-0.9742079017725788,-0.7599901576837775,-0.8179009756877712,-0.7201148392274163,-1.0031394405369998,-1.0030554630252435,-1.0025003812436484,-0.9900345783257952,-0.9902067003535954,-0.9899324244722862,0.004054113439253416,-0.1262861673999643,-0.058873173433082064,0.0404676602983084,-0.3951571214216675,-0.6685351770483837,-1.526788023535647,-1.5255950353833605,-1.5272014542858383,-1.7729660026910758,-1.772692882352236,-1.7530861839636762,-0.010166058201602471,-0.15898539950171442,-0.9335999572282194,-0.011980031836271908,-0.2656334214778683,0.015341106284748203,0.051228298464068976,0.03041555698593747,0.001249993803311392,0.6549104991626886,0.6618468160954232,0.6254446468194056
-0.015454523612515429,0.5855467187325863,-1.8830179207556823,0.10345544213505878,0.09096726168164566,0.3872713941829911,-2.2873812475777675,-2.288406385715375,-2.2760052339906287,-0.0004116360189795763,-2.5833793846924062,-0.0004090546889410085,1.1063527876736952,1.3946187865188573,0.29609883280610017,1.1048259396537747,1.066339937684726,1.0125693247059115,1.6814455482673132,1.6814619675369535,1.6817649590453785,1.703437694285649,1.703440972430368,1.7035442734186546,0.09058582395477673,0.4589590184290445,0.09080910751539872,0.021843145667293225,0.1685687488104984,0.6082469214956892,-1.365955737257373,-1.3787749245062175,-1.3457830127367876,-0.009121033121082542,-0.011652790273461479,0.004564011162083818,0.0014962151632304185,-0.2307298933801761,-0.5820246577849738,-0.0048992756083819046,-0.4742157998492049,0.3760687226822752,-0.5503075689913205,-0.5421836569629045,-0.6045442545138418,1.445317206793565,1.4521866304771764,1.4444064077310381
-0.01840249873951464,0.1250760644431837,0.026096115784662918,0.07704447473057892,-0.3868511790561784,-0.09240312778427527,-1.9051482462676799,-1.9054382842744653,-1.905393998367742,-0.0004116360189795763,-0.0004106230539327527,-2.8157555511901093,-0.7012569803342945,-0.8005718979394121,-0.7535106218560169,-0.7846311293240162,-0.6364043190660342,-0.6069116807841857,-1.0123949049970966,-1.012311557045447,-1.0120101782724549,-1.0063601749054056,-1.0065333600636808,-1.0060143825527994,0.004799258663659468,0.17517941948726548,-1.3990814344109372,0.021148699320715645,-1.2595848252452555,-2.161768784076539,-2.0440420989425703,-2.0474224574344624,-2.048875699928299,-1.485888742457881,-1.4825154113908616,-1.4800588644509776,-0.014352238727497666,-0.4281375397112107,0.6961093723902397,-0.010533503087260676,0.539061524927922,3.0635922687877244,0.3519962321917333,0.3303484785781564,0.3041471179618268,-0.2619612816891164,-0.2549473685873996,-0.2880127018897148
-0.02549074735377056,-0.939821162948042,1.0301280820860583,-0.13297479679904414,-0.6163731911419844,0.2802501755938907,-2.8931296512609466,-2.8918862310650817,-2.898086996536976,-0.0004116360189795763,-0.0004106230539327527,-0.0004090546889410085,0.33215344554652176,0.2326512524254861,0.24707423007065585,0.3963453533481085,0.6289380228345565,0.5206612386182249,-0.6431769173456651,-0.6430684550503113,-0.6431301566813659,-0.6245923779668199,-0.6249918816079891,-0.6250730005206446,0.10107701989319733,-0.3613323565492621,1.2668320239864914,0.09608271265889737,-0.7763369475958506,-0.6017295871961574,2.6086794714856287,2.616426169554486,2.553815369471024,-1.4405714018713862,-1.4354349773374635,-1.4931277046057596,-0.010895624449263758,-0.4887143356698526,-0.4076941121746153,-0.008397884655106219,-0.31059925916850106,0.3454559927283368,-1.1791859758765584,-1.1693161293831196,-1.1277301962421866,-0.4832751598258122,-0.5394697017648757,-0.5400009360164193
-0.10730891038655103,-0.17576017888199527,-0.6714949565709086,0.14631335542806512,-0.865008788779768,-3.327948081604308,-2.9800568780457204,-2.9799154187217463,-2.975411921400585,-0.0004116360189795763,-0.0004106230539327527,-1.7705743304918624,0.3357835780593469,0.1765841826601762,-0.2932898855821078,0.4149840370246987,0.18681320329600146,0.6920617090306119,-0.6396748497121147,-0.6395661492048288,-0.6401270628827956,-0.6165551611891652,-0.6167029620628686,-0.6170320214803884,0.14158823493397255,-0.11960288242420772,-0.6479179492000414,-0.0026600826829874845,-0.1828068395115309,-2.9428946281217434,3.154791014526213,3.167514942374809,3.193911978302858,-2.366339930995488,-2.358920222501001,-2.448267433127364,-0.012408199633427113,-0.5585806629413159,-0.8394028884632078,-0.011586723107610108,-0.5601616661135101,1.0617329527948631,-1.6713516856127364,-1.6601154556249322,-1.7059883423630495,0.02258513305797374,-0.002038627985260969,0.12146817856606645
-0.08783888733869717,-0.007950451292530962,0.20496479332850506,-0.05525478994805578,0.13153151907813887,0.1457784366503589,-1.9669022256744035,-1.9670038687882383,-1.9681039640284064,-0.0004116360189795763,-0.0004106230539327527,-2.74535474357831,-0.7484487030010252,-0.8621557275105071,-0.9838260185360104,-0.7684144214924061,-0.8124467825315064,-0.7191292395892289,-0.9803760009189241,-0.9802904750296092,-0.9797269199378216,-0.9729554926732796,-0.9731265025030446,-0.9725940634167332,0.07361732182199825,0.03256158493832522,0.3421787592213035,0.060595762540853484,0.5733561515163654,1.9953857526577763,-1.2906698105864425,-1.2925309432916725,-1.3051114102112933,-2.11213797364312,-2.1165319233099567,-2.1240791502180367,-0.00916976880963491,-0.5420153805184788,-0.8196558655821942,-0.010740949459390229,-0.2969464775871338,1.2807434287837356,0.3246536927619457,0.3303484785781564,0.3041471179618268,0.18066647458413493,0.187642927466343,0.12146817856606645
-0.15583754540053996,-0.370769300267257,-0.6170960582597391,0.10754521206945684,0.2176822079676384,1.1976519595633974,-3.4986038365631003,-3.4984923466306315,-3.493927640964715,-0.0004116360189795763,-0.0004106230539327527,-0.0004090546889410085,0.3718886798085299,0.4164433046508084,0.17258052609997515,0.3931862544198724,0.11947372354547052,0.1289557824129171,-0.6174117054702604,-0.6175516553189402,-0.6178541172100633,-0.6087691074358128,-0.6086652218979036,-0.6089910424401316,0.1295567661839803,-0.5408886622187721,-0.4531896609159317,-0.044446522802931474,0.13290846949904234,1.0767594022547045,0.7000593877364163,0.7025798221381404,0.7231698605924385,-1.8573290876221835,-1.8582476496105615,-1.8629049647992104,-0.010156252203650035,-0.17742394683531584,0.09833422306263807,-0.01270309635878125,-0.5772645859109689,-0.4690710772550337,0.1879409956130073,0.19401533239987506,0.2215388113731408,0.054201401363205975,0.06118855716527369,0.05847112003440781
-0.26919653219040096,-0.9551396437990004,1.0853344640440343,0.07810845394007468,-0.5083690672373729,0.2355795269127543,-2.8868226284973817,-2.8855788437875005,-2.8923287574513883,-0.0004116360189795763,-0.0004106230539327527,-0.0004090546889410085,0.38111117862489735,0.32859490122173923,0.3100407737327231,0.3923438280390095,0.16868334336316615,-0.28124140033742906,-0.6321704190687932,-0.6323113728106157,-0.6328695862029163,-0.6125365528003385,-0.6126840919803864,-0.6130115319602599,0.11014524856529834,-0.16475004535073545,-0.05000243422653322,0.08524661066916181,-0.01127159448106445,0.030620196603448193,2.567637739739977,2.579464463319681,2.5308493857105705,-3.0037161877711616,-3.0036690484193658,-3.0152930017034585,-0.01155409721176988,-0.4636666679140608,-0.7104093036083043,-0.012016404899593271,-0.4719992306042301,-0.32220612454566705,-0.22219709583386849,-0.2149841061350294,-0.21903882376657915,1.6350148166250282,1.6418681859288506,1.601899054060255
-0.22090496234745732,-0.4374793943138514,0.20315008008015592,0.2393604141347624,0.3486332335654279,2.0301865847756697,-1.6168076186203908,-1.6162308658859348,-1.6173449431577374,-0.0004116360189795763,-0.0004106230539327527,-2.46149507698971,0.7485394559365517,0.718066150554029,-0.15683199971532652,0.8689465530121736,0.5011148927198604,1.285955891012636,0.7764112126827057,0.7766162358862718,0.7768326944094355,0.7542926254495201,0.7542340948240089,0.7526985019083162,0.07401514062763599,0.008239820479001306,0.06500477713515146,0.14701638636104553,-0.1973486874306037,0.4966907857480288,2.0856539025519747,2.0870267312955586,2.0776881865937056,-0.8930104725661334,-0.8955287094025262,-0.9531819885364348,-0.008853035075771204,-0.4368788979951954,-0.9592043936510316,-0.005809001895408582,-0.3651381060620689,-0.3986922587887904,1.0355597179364855,1.0665474679409963,1.075157979456352,-0.9575191844042956,-0.9820599978186184,-1.0439774042696883
-0.06497325434087026,-0.1822115813931392,-0.016759591299712284,-0.03219072411098371,0.012147569099050593,0.03596574462724539,-2.6848882127109204,-2.684784540976879,-2.6843466457171767,-0.0004116360189795763,-0.0004106230539327527,-0.0004090546889410085,-1.0861295160454183,-1.2716252311387657,-1.1449556724150995,-1.1485487955270115,-1.2709189463624413,-1.1606074775229969,-1.5171929396045418,-1.5171439282013983,-1.5165299364323168,-1.5240071679912124,-1.5239628831833163,-1.5234011276743082,0.02663696097262177,-0.7182621466666129,-0.12273402778033075,-0.0014634894300925175,0.05881447916039347,-0.16171166428416991,-3.297738748360538,-3.296805131725532,-3.2995595529835646,0.4115422386119571,0.4127808664065079,0.4148216491540385,-0.009245274993868673,0.033929025281477614,0.2186721745401808,-0.009062592394704356,-0.3287173034317744,-0.1875862638178757,3.0315650963112284,3.029744772908429,3.030221235388771,0.27551527949990184,0.2824837051922152,0.2474622956294537
-0.022088164898766728,-0.195009983138182,-0.020873082993101425,-0.03736524161782562,0.06111862442917231,-0.05274156906312773,-2.9970584176692414,-2.9969179409482667,-2.9965254647144075,-0.0004116360189795763,-0.0004106230539327527,-0.0004090546889410085,-1.041969444585345,-1.0267440587814542,-1.1493296146665888,-1.1065011887921945,-1.1861808951469541,-1.145800016292135,0.5245124907552046,0.5247003797147936,0.5258241044122427,0.5222179909947485,0.5223955269407937,0.5235305992610036,-0.0034156996727596105,-3.3397148727673573,0.11666722075719238,0.048350225484522544,0.3029825863327392,-0.5206476066939697,-1.250051321699417,-1.2490367688368966,-1.2534187015124871,0.056196630190326426,0.0556864051772366,0.055353576357103966,-0.001108748192834372,2.4663549339403885,0.01470659605993111,-0.002828009519026781,0.21707271790335725,-0.1898403354761755,1.965206058549388,1.9390796034820568,1.928777147539502,-0.6097402330467412,-0.6026968869154105,-0.6344965238139073
-0.09613895732729667,-0.07479680961649521,-0.03136909542740576,-0.003928177271360387,0.02801608471951389,0.04168220827973048,-2.634706248983432,-2.634736794100426,-2.6342225454864403,-0.0004116360189795763,-0.0004106230539327527,-0.0004090546889410085,-1.061248391579134,-1.2122301160558349,-1.2063867800993002,-1.1263192694019928,-1.2216179154862608,-1.1951269315176056,-0.3780203679482952,-0.3778938696066498,-0.3768558398747721,-0.3832247116128848,-0.3831061385185674,-0.3820846651478916,0.0939672838026974,0.04360666031996942,-0.2705339085746871,0.0036253129682466884,-0.5055179564399284,-0.0077793350501514594,-1.5370484564720603,-1.537530586355016,-1.5379787874471682,0.3707364011284933,0.3708134687395541,0.3691820174507097,-0.0046859762458832535,0.19765384899113936,-0.6787154768697611,-0.005096329676705347,0.4783468021307827,0.7013860917450228,1.3089851122344232,1.3119471310619029,1.2954467970261814,0.18066647458413493,0.187642927466343,0.15296670783189578
0.01134360222265199,0.009804046025595713,-0.4374946955542685,0.011115626065063841,-0.07654335417341965,-0.3432776289136386,-1.5042683950479252,-1.5043707236891952,-1.5013575558623231,-0.0004116360189795763,-0.0004106230539327527,-2.543478923460716,0.7369622765713245,0.5300765636938706,0.2531795244633598,0.8777920300112336,0.7704728117219851,1.249488704399704,0.7523970346240759,0.7526004243743929,0.7533084596539661,0.7379670288699096,0.738158614494078,0.7368678244228112,0.023409018381748456,0.16964532568409338,-0.9220732251423756,0.17957034204900826,-0.004665141266082425,-0.431880130409584,1.8753150273555068,1.8739835634143909,1.8667603804362527,-0.4877237386512927,-0.4894624968980985,-0.5356173492653808,-0.0070242164576417715,-0.4932402351925886,-0.1779501146911039,-0.005533605844546818,-0.44625169075136895,-0.3435588844438867,1.4456978093833617,1.4482802772401842,1.488199512399782,-1.5582282822037783,-1.5511046641735005,-1.2959656383963931
-0.07916788008246202,-1.0611989730279623,0.7427914012408885,0.047869717487619166,-0.0698147361172753,-0.4426592116237797,-2.205719013708664,-2.204243900694096,-2.2087709376198594,-0.0004116360189795763,-0.0004106230539327527,-2.5564158240047643,-0.40927659227568736,-0.08861005909071692,-0.18107092969233066,-0.5196880325426462,-0.3997715590014981,-0.5116839824088477,1.1158616254489608,1.1158395734915587,1.1159320358313662,1.1222464560515126,1.122211886751321,1.1233373795451416,0.011038893622854292,-2.1900100951895602,1.5628666257323882,0.03662167149310474,-0.3887508478789408,-0.7462867760449524,-1.3391503562109937,-1.3307760421040749,-1.3648999489396223,-0.5273561807088564,-0.5271470937898723,-0.5133091430476827,-0.017212648330223436,0.8101534714055987,0.43745526945537655,-0.016134954838750968,-0.06959554006541152,-0.34945297722606283,0.3246536927619457,0.3303484785781564,0.24907491356936945,-0.4200426232153477,-0.4130153314638064,-0.4140068189531021
-0.12762679004614352,-0.6029225876172105,-1.2022242082192565,0.16649541151449107,-0.2417857774361801,0.629542462777369,-3.5224608357122342,-3.5218022561347326,-3.5136701749724457,-0.0004116360189795763,-0.0004106230539327527,-0.0004090546889410085,0.3505984431792561,0.15814501265714628,0.1922632662316781,0.4013999116332849,0.2185023702374283,-0.3358248469665654,-0.6166612624059282,-0.616801161209194,-0.6168530859438732,-0.6075132923143044,-0.6076605043772831,-0.6072320782750756,0.13545264489317535,-0.25538848654932456,-0.6656891798344201,0.01018991371182302,-0.02196810618283435,0.9584726353523312,0.9420773496240592,0.9512628018991884,0.9429504761324128,-2.466078542197013,-2.469685802833082,-2.4736959515680645,-0.011242756776780013,-0.5685466283344309,-0.4794329295132759,-0.014668041186120076,-0.5339306571717091,-0.4657661208371209,1.3910127305237865,1.3937470187688716,1.4055912058110958,-1.5266120138985462,-1.5511046641735005,-1.4849568139913691
-0.08199035011890783,0.0005013540117586911,0.01278241041439723,-0.0856852343661862,-0.10973421913978776,0.05783420233076609,-2.789118619338343,-2.7892952058240903,-2.7890369163303896,-0.0004116360189795763,-0.0004106230539327527,-0.0004090546889410085,-1.0836865349759763,-1.249108456061895,-1.103066062977397,-1.1449368924190624,-1.242337755409501,-1.1926910924117995,-1.5066867367038914,-1.5066370106649516,-1.50601910813732,-1.5109466907275235,-1.5109015554152476,-1.5103345367338907,0.04731537848002694,0.02840523652977113,-0.5430413691845355,0.035459315529276864,-0.8886628971977698,0.05135007477234015,-2.8742393789100897,-2.8764940625623834,-2.8735982899405323,0.26377533877099485,0.2668315208409736,0.2708212662392517,-0.008842248478023524,-0.05680137201004989,0.22789325130400226,-0.009773266093444885,-0.13387604816968451,-0.8403227714625962,2.922194938592078,2.9206782559658038,2.9200768266038564,0.4019803527208308,0.4089380754932845,0.373456412692771
-0.2459362554078339,0.4913137607363852,-0.0495923013702545,0.19656161079783915,-0.4845919081311237,0.9397700377927436,-3.4758437109380647,-0.0007268519545600103,-0.000715309711480812,-0.0004116360189795763,-0.0004106230539327527,-1.9710962889246144,0.3698283343282776,0.22560539071701155,-0.2381144265555061,0.3941339840983434,0.1944307915030748,-0.1129385287879162,-0.5976500381095129,-0.5977886437622899,-0.5983340075193543,-0.591438858758995,-0.5913338446671971,-0.5921552425745946,0.12726675793101438,0.12032640619921152,-0.003710266545711818,0.0440386095480064,-0.3183473427284026,1.4981574649307303,0.9574936501110194,0.9492093737750328,0.933507479457724,-2.009870492989223,-2.010322514015302,-2.0537708163620767,-0.009947874747160754,-0.5260570914792864,-0.8320086287941058,-0.012570794337249691,-0.4291294964387366,-0.06125163945572721,0.297311153332158,0.2758152201068438,0.24907491356936945,-0.04064740355249073,-0.033652220560528294,-0.0675229970289095
-0.08276429817732056,-2.7063786156298355,0.7406664442756083,-0.1602548403145836,-0.4178180140585965,-1.0981735702888724,-2.365423798817348,-2.3614349610205765,-2.3659434444702883,-0.0004116360189795763,-2.703416687914157,-0.0004090546889410085,1.0622025273825753,1.5326876936147156,0.7578231117289588,1.1004032011542448,1.0847745011458438,2.524385303053068,1.6924520465441848,1.6922190497766498,1.6930265607900177,1.6840981414144185,1.6841001601584198,1.6826879840329898,0.05366517864693683,-1.5969247291373103,0.2367300211042399,0.10708429487912384,-0.06937387536081724,0.3418629798084785,-1.3305572436267477,-1.3271825428868025,-1.3265377749486988,-0.015319797922735181,-0.017547463113437488,-0.10213709148024704,0.0009210933833200141,-0.1143472857973288,-0.36258912819309297,-0.004924856663904619,-0.4652772434374038,-0.4911244269929952,-0.5229650295615328,-0.48765039849159203,-0.4668637435326372,1.5401660117093317,1.578641000778316,1.5074034662627667
-0.0057474021087114795,0.0422248637231999,-0.052507742326618735,0.06334534301672612,0.09612898968376003,0.007520922126298862,-2.946876453941753,-2.947007311186544,-2.946346524111428,-0.0004116360189795763,-0.0004106230539327527,-0.0004090546889410085,-1.0459429680115455,-1.2279708709364705,-1.1726527504846875,-1.1036579997567821,-1.0735777062699914,-1.2029460219805583,0.5367697274726299,0.5369584501739815,0.53833699523962,0.5289993926508944,0.5291773702049829,0.5305664559212285,0.02372880349858801,-0.036795633361476315,0.02560940321050526,-0.03278187841777224,0.3659317568292663,0.4568426545863906,-1.1386358455511418,-1.1397687247802541,-1.1392174604779677,0.3918474033168892,0.3918933534060433,0.3923006943756811,-0.001700049869366302,-0.3163135096259929,0.0709319666418482,-0.003040652043059379,1.6299187732791718,0.10847386432869503,1.7738082825408743,1.7754798280681197,1.76356053436213,0.11743393797367045,0.12441574231580835,0.08996964930023713
0.054937516526181104,-0.5726096360860543,-0.3749614619800069,0.0949404133263316,-0.20113849429837974,-0.3227018966331547,-2.1791198307492845,-2.178383612856017,-2.1757021931569116,-0.0004116360189795763,-2.6796499035669936,-0.0004090546889410085,1.0776060626396993,1.1009412740315765,1.3907234431397972,1.1020880539159708,0.9423256016735668,0.3785002241387289,1.6831965820840873,1.6834632851629432,1.6822654746784735,1.707707465698778,1.7077110218930058,1.7080673241287985,0.10394335539022813,-0.9046493987474632,0.7421287153720892,0.0064459520280393005,-0.2914907767517365,-0.5242458160829078,-1.562058261754567,-1.5539580113482634,-1.6281748018806774,0.17892671090503148,0.1787252978016894,0.1847188844753027,0.002757756799811393,-0.2505899326216404,-0.17716719307908133,-0.004729801115543889,-0.3658127140931483,-0.4551506617436408,-0.8784180421488332,-0.8421165785551842,-0.8799052764761285,0.6549104991626886,0.6618468160954232,0.656943176085235
-0.21285869154197706,-0.5998264904299428,-1.302139684726725,-0.023295474503667986,-0.7768071874294692,-0.2259375965852496,-2.8122352288587105,-2.8112613676038367,-2.802664748832948,-0.0004116360189795763,-0.0004106230539327527,-1.6333830130945104,0.34814565094086025,0.3207994797570438,0.7734964047967963,0.3941339840983434,0.4685116151935853,0.2793301272106416,-0.6376736682072291,-0.6378149962820878,-0.6386255159835099,-0.6278574972827422,-0.6280060341698512,-0.6280883676607409,0.0512374638843271,-0.011504799000730108,-0.6297004352464477,0.11870785451740258,-0.529728168110601,0.6678211584983018,2.9944717498947595,3.0031123531845823,3.064199075611139,-1.5150213185491992,-1.5127886367284231,-1.5238242826437367,-0.01119421708691545,-0.3748724406349673,-0.902674553553328,-0.008504205917122514,-0.3994306809752682,0.02577380281133916,-1.0424732787275592,-1.0329829832047779,-0.8523691742798998,-0.8310541111833668,-0.8556056275175491,-0.8549862286747126
-0.4561154470546273,-0.635719617124198,-0.7122941303042858,-0.0280562223179282,-0.5845760987264953,1.6832639994620542,-1.4483004234808194,-1.44741227423035,-1.4426509373754486,-0.0004116360189795763,-0.0004106230539327527,-2.5621321288963204,0.7599204119227067,0.5270783246689876,0.4999427664848914,0.8497813528475436,0.9449155816639719,0.5503700277121575,0.7621527944603943,0.762106683097845,0.7618172254165824,0.7603205380327613,0.7602623999477327,0.7602369197585565,0.10507560891396626,-0.1787072610445825,0.3368805752008803,0.12146966250214825,-0.3090064980740792,1.2783057067975547,1.5296666928100928,1.534397887382119,1.5014857672183268,-3.1789162634314483,-3.174576086445465,-3.1925834689194965,-0.006075976455641154,-0.5718054393806753,-0.5983355247021108,-0.00881237769537277,-0.36004642163701794,-0.2989343576951109,-0.1675120169742931,-0.1604508476637169,-0.1639666193741218,1.8247124264564216,1.7999361488051873,1.8853858174527185
-0.3082286153525145,-1.157934009565037,-0.34334210233663953,0.03540055213020896,-0.4520528835592732,-1.3715735024386624,-3.3763024386261606,-3.374812709144165,-3.3721820145837142,-0.0004116360189795763,-0.0004106230539327527,-0.0004090546889410085,0.3537380172444025,0.31780124073216115,0.1408694447766766,0.4025582479069722,0.404980929546591,1.8710735428831808,-0.620163330039478,-0.6200533023514273,-0.6203566953755391,-0.6014853797310631,-0.6016321992535588,-0.6034628693499553,0.06958303111354386,-0.6589022495620548,0.4378893664498569,0.06171418065037858,-0.3992838620473503,-0.10112899707740816,0.6320327173679978,0.6500890657144068,0.6541820982014028,-2.5825076917841905,-2.5816663621084763,-2.590910277607468,-0.011548213612998421,-0.4133589255656702,-0.4456803089060808,-0.0133885887059916,-0.3814170403358523,0.8922206720051453,1.0355597179364855,1.0392808387052797,1.1026940816525803,-1.4317632089828496,-1.4562638864476984,-1.201470050598905
-0.104980093706282,-0.34871860809049554,-1.0961038573731705,-0.04044215446690789,-1.4155577789026206,0.8853906851820964,-1.4326699757624215,-1.4322196979182649,-1.4249649173268577,-0.0004116360189795763,-0.0004106230539327527,-2.6153840218334503,0.7326453622317479,0.898410227900736,2.2079216537930817,0.8820041619155481,0.9482673204750846,0.950523480816214,0.7498955577429683,0.7500987773419053,0.7483033033230151,0.7389716809671163,0.7391633320146986,0.7396319109678992,0.1474433117143843,-0.13882840133717667,-0.0744003999931519,0.027870620407555283,-0.3698595463480372,1.832010743833176,-0.42403516815348496,-0.4201576725956164,-0.5306702114600736,-2.1951860464589954,-2.1927718520028794,-2.171896921947163,-0.004751676432164582,-0.13933776709705714,-0.5809372666571648,-0.008427063046561815,-0.19608454589278526,0.08218651512446727,-0.3589097929828068,-0.35131725231331074,-0.3291832325514327,-0.1038799401629552,-0.06526581313586582,0.12146817856606645
-0.04755872577608019,-0.7571694294642877,-0.07076112265837446,0.046676335401292866,-0.5598273617964394,-0.14012874659987978,-2.2038543287176964,-2.2028178827009044,-2.20210783239225,-0.0004116360189795763,-0.0004106230539327527,-2.5577696856896064,-0.5161202221801979,-0.3115741041761345,-0.7339190055212204,-0.4943099378191527,-0.2614970978666972,-0.6985255138195032,1.087594936692449,1.087821126727701,1.0891544494607786,1.0911022410381022,1.0913168229922368,1.0924298663591558,0.061121731132095264,-1.1800829165475673,-0.011652965311534265,-0.029805516754872793,-0.7257942005041541,0.22684837095882904,-1.2461908338070915,-1.2411824062620005,-1.2464006047990968,-0.5816965275014118,-0.5792595656334939,-0.5729293944514762,-0.016657138546217903,0.9545084254971968,-0.3079730964803333,-0.014865095254443518,0.1642685773754218,-0.12221818572717745,0.051228298464068976,0.057682186221593726,0.05632219819576874,-0.2619612816891164,-0.2549473685873996,-0.2880127018897148
-0.15744122155761145,-0.3125914740506912,-2.257222842341501,-0.13519381650173126,0.3586846477789909,0.7360906252096125,-1.2239623659646546,-1.2235548727221406,-1.2088390103144575,-0.0004116360189795763,-0.0004106230539327527,-2.6197464650401643,0.7583506248901339,0.5329248907675097,2.476554607072061,0.8713685288571545,0.7098368095936789,0.7255720967289816,0.7819144618211417,0.7818696946544953,0.7788347569418161,0.7907112639732673,0.7906551049465074,0.7896367493744946,0.05342036707423668,-0.035669554413591875,-0.08132008007338938,0.14698785528682295,-0.0033586020832273487,-0.4069954266420735,1.161830172039685,1.1634075949760383,1.1468345252594256,-2.773285603271084,-2.7786954474158154,-2.7582724786594075,-0.003992201890748364,-0.5683628147256555,0.0384262211945406,-0.009220875175751177,-0.3878820339670293,-0.514137280207125,-1.3432412124552844,-1.3329159047970571,-1.182802400634705,1.4769334750987968,1.483800223052444,1.3814093491993795
-0.023460353888817446,0.5521736711442469,0.1148156190334638,0.026071403493915686,-0.1228717178227874,0.023985486927706242,-2.9775889126165,-2.9785442475744457,-2.9789765455964248,-2.881883362123936,-0.0004106230539327527,-0.0004090546889410085,-1.0474146433545828,-0.9563304152820792,-1.1367955364021642,-1.103310498874676,-1.177923429530486,-1.1795544572342456,0.5377703182250727,0.5377089442837276,0.5390877686892626,0.5305063707967044,0.5306844464859137,0.5320741394912765,0.007683955028642788,10.588610540204671,0.5937681196382064,-0.019065279174525124,-0.4807444119219402,-0.23780971721850816,-1.1205646580418844,-1.1272428132229035,-1.1309420082290893,0.2188322708634513,0.22013583011962454,0.2208760089035336,-0.000551767509135972,8.997293301198253,0.2721718180283898,-0.0024091197348422608,0.03129851582089308,-0.3325931304305357,0.8441619419279721,0.8484144340556858,0.8273330596902327,-0.07226367185779317,-0.06526581313586582,-0.09902152629480876
0.02500692308090095,0.3642297715380699,-0.4918085955868268,0.14939825610905053,-0.8697606875907492,-2.033100537489973,-2.234374834525726,-2.235040404662456,-2.2316119526593576,-0.0004116360189795763,-2.7130437398016154,-0.0004090546889410085,1.0817267536002042,1.19148809258304,0.2828403203562728,1.1000872912614208,1.1804514090266889,2.5855394139367878,1.6871989450938596,1.6872157557116745,1.687771146642519,1.7112237480390033,1.7112275332151778,1.7103288494838709,0.11756099912167342,0.1897529611731132,0.7698097243254455,0.027394722089522663,-0.2919886057795967,0.07970256739430291,-1.7577760200166457,-1.7622526266923204,-1.7662273076139017,0.06634043133767836,0.06833231101222463,-0.03521348591553696,0.0033784764702006324,-0.2191210427992954,0.028567208302404605,-0.003557869009409344,-0.4428465264040162,-0.8827998380504241,-0.7690478844296825,-0.7875833200838714,-0.7697608676912138,1.4769334750987968,1.483800223052444,1.4444064077310381
-0.0668544361981654,0.3300106973927445,0.16078268810640206,-0.11410274514473008,0.619173494867215,-1.5240567440273791,-1.7887151216846662,-1.7893275115210954,-1.7901469560976182,-0.0004116360189795763,-0.0004106230539327527,-2.6647247587921474,1.0291388880090029,0.7991685161771114,1.1608181035458809,1.154529096124684,1.6338502591117132,1.2591569675171608,1.7152154861622613,1.7152342024755332,1.7150492486462028,1.6853539565359277,1.685356057059196,1.6852007899830697,0.02686545177380856,0.021772028040864613,0.1318992137368585,0.14554418293116045,0.7444390271696738,-0.7918640949715018,1.5631413552651403,1.5583973285831898,1.494557481614615,-0.7147757535630014,-0.7201363741106944,-0.683062232686079,-0.0019206848232961237,-0.5712164188832217,-0.42249713006119016,-0.004444412464868563,0.2329982860656228,-0.2242910793347868,1.1449298756556971,1.1483473556479653,1.1853023882412668,-1.4633794772880817,-1.4562638864476984,-1.5164553432571983
-0.16950365526080122,0.3375169330153646,0.23880260804362474,-0.07771178056049065,-1.6287396184971337,0.7171241680795576,-2.758214207796879,-0.0007268519545600103,-2.7601086199718408,-0.0004116360189795763,-0.0004106230539327527,-1.7589912916326562,0.3497154379734343,0.21061419559259692,-0.2388889788292073,0.3730733245767718,0.3469349074086899,0.3053311843323453,-0.632420566756904,-0.6325615375138645,-0.6333701018360114,-0.6203226065536909,-0.6204706527651961,-0.6210525110005163,0.029952627710379282,0.2583577481576806,0.9580840692239854,0.11831412569313099,-0.632739474585979,0.6630701247420342,3.1551757807613288,3.1455689292978937,3.1067952019154426,-1.2778133639167668,-1.2653379252735732,-1.3254615770385922,-0.010729412783969956,-0.5656538106069926,-0.4629045843705773,-0.009039809267129438,-0.4657591063167463,-0.5132234673726791,0.24262607447258264,0.2212819616355313,0.11139440258822607,-0.8626703794885991,-0.8872192200928164,-0.8549862286747126
-0.2462848806593711,-0.19972793123575688,-0.344680825224766,0.15254865701164153,-0.01633891604444589,0.4571643360871959,-3.4108539546352517,-0.0007268519545600103,-3.4083766602645524,-0.0004116360189795763,-0.0004106230539327527,-1.992005930501624,0.3414740560524248,0.21511155412992128,-0.3209915198415413,0.3845513840160277,0.2105800785020712,0.4648105924542765,-0.6191627392870352,-0.6193028082416812,-0.6191054062928011,-0.604750499046986,-0.6048975311955761,-0.6044679917299872,0.09967955383236736,0.08504045914469348,-0.5517496154902419,0.08409395527056962,-0.24324066334097505,1.0015230564232187,0.9576347310638952,0.9578722736738152,0.9710356931444972,-2.773285603271084,-2.7708993325295546,-2.8008221907912567,-0.009202618902775569,-0.5513375898061936,-0.5650758547395224,-0.01295131253815013,-0.5083075985626779,0.4013508777686123,0.8168194024981844,0.7938811755843127,0.7171886509053179,-0.8310541111833668,-0.8239920349422817,-0.697493582345566
-0.1997782721042984,-0.4100825343195403,0.37394987103543664,-0.033476765047386225,-1.1135207310581574,0.2328296116831753,-1.810021889890272,-1.8095111508093524,-1.8116992223893904,-0.0004116360189795763,-0.0004106230539327527,-0.0004090546889410085,0.763746767814604,0.5306762114988475,-0.12790019419766166,0.8808458256418616,0.9008859218270856,0.3106346490521151,0.7433917178520897,0.7435944950574382,0.7442991782582541,0.7500228540363917,0.7497128659812153,0.7494318541732118,0.03328359517143056,-0.156160001837227,1.1799784241700495,0.07749186469546482,-0.35895971079067795,0.025971636124276377,-0.9565516375533218,-0.9546521793876052,-0.9627514601197183,-0.5177869387010829,-0.5127090940134968,-0.5214847663073024,-0.0028988331190516795,-0.5606785889294723,-0.3024636480994339,-0.0067702899974732425,-0.36797306600220003,-0.9114326401963959,-1.3979262913148596,-1.3874491632683696,-1.3755551160083055,0.8446081089940821,0.8515283715470271,0.8459343516802109
0.02076345651918922,0.2006586369991052,0.22691134886591754,-0.004234910016440239,0.933010797008093,-0.2121040198113704,-1.7103160865497542,-1.7107319813578556,-1.711999425650354,-0.0004116360189795763,-2.3825650992274463,-0.0004090546889410085,0.7457923286295484,0.6191242627328929,0.33209273258398225,0.8971678367710795,1.0186538355084442,0.7076905032932972,0.7291332996297781,0.7290849422690114,0.7287831936323058,0.7414833112101337,0.7416751258162505,0.7413908751329555,0.0007670080516442442,-0.016893183067293406,0.7087718980512818,0.14535017162644692,0.7297399700839082,0.12842744618437965,-0.8376460453614651,-0.8433435411325828,-0.9342556780348216,-1.0089439637406457,-1.0138372840076784,-1.041695520654522,-0.0024506990126253285,-0.5274189460829689,-0.5371226534806426,-0.006366988668997885,-0.22931702247143124,0.2256551301324767,-2.3549151713575496,-2.3417811865164597,-2.532071408250032,0.8446081089940821,0.8515283715470271,0.8459343516802109
-0.2107251050025689,-0.455497959921148,-0.585136705501927,0.20878299360961453,0.4027059557231015,-0.12671517295592016,-3.407563334062957,-3.4071723482204472,-3.402892623040183,-0.0004116360189795763,-0.0004106230539327527,-0.0004090546889410085,0.3477532041827176,0.14420320119144034,0.20292475046968364,0.387815786241872,0.11718844708334847,-0.4357928102684233,-0.6196630346632567,-0.6198031376481785,-0.620106437558991,-0.6080156183629077,-0.6079116837574382,-0.6079859200600997,0.13993575681824666,0.10338899753154487,-0.2460684281520846,0.04181147389419188,0.03828689221949686,-0.5763674511149045,0.8750510714669407,0.8767361949181075,0.8410661872822707,-2.782794152412001,-2.7906427403583978,-2.7667824210857783,-0.01063086250454797,-0.5814911911390793,-0.3754348420496113,-0.012574791377175116,-0.5815015258985465,-0.6901528623353166,0.297311153332158,0.2758152201068438,0.3867554245505128,-0.9575191844042956,-0.950446405243351,-0.98098034573803
-0.16032783864034011,-0.031556212283292806,1.1281735964640802,-0.17230049082449034,-0.21004168017471675,0.10376043931608332,-1.4835649072805734,-1.483583769096126,-1.4906911034609251,-0.0004116360189795763,-0.0004106230539327527,-2.497598055252172,0.7195965075234841,0.8018669312995063,0.6538052975607246,0.8766336937375473,1.166892102018098,0.9357864195595076,0.7561492499457372,0.7563528949231242,0.7560612956359888,0.7352042356025913,0.7348932825520613,0.7346062990677387,0.12597639693324073,-0.7098775451504381,0.13746059048399825,0.14199491729787164,-0.12662159341195642,-0.1043196422960782,1.2432082307666108,1.2471361267384928,1.271954231199054,-0.6107785262036822,-0.6115577558765778,-0.6089345556220933,-0.006438308079983682,-0.16925445311196566,-0.6048308743722238,-0.005406899678910851,-0.150395913883139,-0.6250893885227671,1.0355597179364855,1.0392808387052797,1.0200857750638337,-1.210449330846224,-1.2349687384208272,-1.201470050598905
-0.12567448863753475,-1.2909041835321695,1.6729275640832764,0.06463777421865112,-0.8476440433106422,-0.5450957644683887,-2.231139057629637,-2.2293089092667406,-2.239838008495912,-2.6884468549110534,-0.0004106230539327527,-0.0004090546889410085,1.0910473641061071,1.274839137474785,1.029372026508931,1.0996660780709897,0.9270904252594192,2.017646289076468,1.6897004219749665,1.6897174027441615,1.688271662275615,1.7054469984800635,1.705450407471609,1.7040468346086706,0.1353914420000003,-0.2650057400495007,0.2525788005173851,0.00748802098294478,-0.4286033716355349,-0.364701910458827,-1.7278925090893429,-1.720542367920405,-1.7630197679825532,-0.048467207156637805,-0.04735798397008702,-0.0250704450140114,0.002121347532698253,-0.3118039490907036,-0.7324470971319024,-0.004132643350685429,-0.4441234630342735,-0.3711712622580608,-0.4956224901317451,-0.48765039849159203,-0.4943998457288658,0.9078406456046167,0.9463691492728992,1.0349255272752569
-0.02641948502386586,-0.03878865931162016,0.0680070670022746,0.04051771700398644,-0.007918869322310937,-0.029541922492040695,-2.697694211104765,-2.6978106668762294,-2.6979196378474914,-0.0004116360189795763,-0.0004106230539327527,-0.0004090546889410085,-1.0634853381005505,-1.224507904862731,-1.1655633190853982,-1.1193587214301135,-1.2849505438398712,-1.2427736340265474,-0.3812722878937349,-0.3813961754521323,-0.38035944930643795,-0.3837270376614881,-0.3836084972788777,-0.3825872263379075,-0.010192951046086135,-1.7864449716774968,0.3583593903333521,-0.017990798919302796,0.0604861366328923,-0.03460870214436956,-1.705447812040939,-1.7066817280823534,-1.7093897053464122,0.3735990813485776,0.3733041755733467,0.37524028598757775,-0.003923069605183685,1.1513115292927036,0.020708995085437384,-0.0059676843804479475,-0.4019122748038814,-0.3202871175933306,1.9105209796898128,1.9118129742464007,1.9012410453432733,0.0858176696684382,0.09280214974054103,0.02697259076857848
-0.060441126070885635,-0.19075284950568885,-0.1521852236539758,0.08693660575940419,-0.3182047895414057,-0.03839779901353558,-2.1447328457688086,-2.144543108940652,-2.14331895334701,-0.0004116360189795763,-0.0004106230539327527,-2.612074582159392,-0.5131768714941233,-0.4303643343419952,-0.5950007771379762,-0.4875705267722497,-0.5330336470960448,-0.4544722700778786,1.0830922783064554,1.0833181620692232,1.084399550946375,1.0883394477707828,1.0885538498105298,1.0894144992190602,0.027383636269357192,-0.19408973059493093,-0.5025211324322271,0.03448412341234911,-0.003781494741630653,-0.5057424027527374,-1.3521041527932152,-1.3524653766654708,-1.3583565680916725,-0.4058996386503655,-0.405730198054743,-0.40466554473769456,-0.015971699289342584,-0.1662399099280494,0.3841006114508753,-0.01646351152062089,-0.3907571491471054,0.9502477869924612,0.4066813110513087,0.4121483662851251,0.4142915267467415,-0.7045890379624379,-0.6975376646412124,-0.7289921116113953
-0.09566482698520597,0.005059097080457475,-0.2604390312932032,-0.10888030064646947,-0.4947493126527384,2.946500781692964,-1.839774584231433,-1.839896303433522,-1.8379951808802413,-0.0004116360189795763,-0.0004106230539327527,-0.0004090546889410085,0.7741466069054012,0.5282776202789408,0.418386968253994,0.8145047481489112,0.4957825809749092,2.06969533663598,0.743141570163979,0.7430941656509409,0.7425473735424215,0.7364600507240996,0.7364003588329922,0.7361139826377866,0.09702232822035124,-0.06519670548035424,-0.3775045872418939,-0.013780753607019029,-0.35805575808219514,0.7422656653704096,-0.4844178159842758,-0.4862780581934345,-0.5284121035596046,-0.1998473556711483,-0.195518591212452,-0.09968541759074527,-0.004486914487448794,-0.6119437959422396,-0.8434624820070286,-0.007633250917372454,-0.4728746148350353,-0.5407444639034087,0.10591337732364432,0.08494881545724997,0.11139440258822607,1.2240033286569392,1.2308914824503052,1.4444064077310381
0.00639172914981651,0.6241939318783062,-0.056196667618344916,-0.03053724290703764,-0.0265894153866325,-0.019497216058594342,-3.068903633497667,-3.0701384802140907,-3.0694631597985205,-2.8975267499545265,-0.0004106230539327527,-0.0004090546889410085,-1.0424403806951166,0.16339193095069146,-1.1560317699290277,-1.1058904296660688,-1.2593097419348611,-1.1920058659966788,0.5117549586615573,0.5119419798491077,0.5133112135848649,0.5023761120749142,0.5025523559085359,0.5036794322553708,-0.028478794452046256,4.548487417350398,0.004284429948380182,0.01309437706768157,-0.04271644099529525,-0.17429957480016375,-0.9671327090189978,-0.9744292590083812,-0.9692306901750418,0.6920343227911772,0.6926816404723558,0.6927827090972635,-0.0014235207271075898,9.152513681941908,-0.2527916213811132,-0.002819615735183387,-0.4519055485356529,-0.4985110807380997,0.6254216264896707,0.6030147709347795,0.6070442421204034,0.2122827428893672,0.21925652004161034,0.1844652370977251
-0.015257898970648397,-0.4623201740721624,-0.8547512452566609,0.03708933955116683,-0.2633901352273708,-0.6958105718258651,-2.2239819578848965,-2.223412873333352,-2.2176276577372156,-0.0004116360189795763,-0.0004106230539327527,-2.604252270202525,-0.4119256078931547,-0.5024719828904292,-0.273288212161234,-0.5118955885196649,-0.296324711149438,-0.4621224006028564,1.103604388731535,1.1035815030323712,1.1041699184536322,1.10416271830179,1.1041269713801505,1.1047426155145492,0.1369266145704741,-0.5084801871394068,-1.1280615848651387,0.019309015654843744,0.051867144068966135,-2.3407476782771166,-1.0735333985696012,-1.0724291162337187,-1.0839194772335257,-0.5744943073010582,-0.5746730201224854,-0.5635279342471057,-0.015351960218748585,-0.12146291483036688,-0.23639376317375155,-0.014720402409143138,0.05617870249093771,1.6642402149728732,0.6527641659194584,0.657548029406092,0.6070442421204034,-0.07226367185779317,-0.06526581313586582,-0.13052005556056814
-0.1775220360461586,0.7234130463912121,-0.4525393908684512,0.14215489013930024,-0.07723405768088945,-0.8584180993884342,-3.53068738714297,-3.5319489226247534,-3.5284770754782437,-0.0004116360189795763,-0.0004106230539327527,-0.0004090546889410085,0.3356854663698112,0.4315844117264672,-0.4100194694187333,0.3918173115509701,0.21408416907732508,0.05405020991068006,-0.620163330039478,-0.6205536317579247,-0.620106437558991,-0.6107784116302262,-0.6106746569391447,-0.6112525677952035,0.10952301915135217,1.312904360595551,-0.6430088326886773,0.025458032771294,-0.07819985999422208,-0.2605983766817828,1.3227907137296646,1.3073657404051389,1.32738051602875,-2.712289272079888,-2.7161240318351703,-2.686951056419356,-0.010026322730780248,-0.15582380543077792,-0.8179160397776996,-0.012587581904936477,-0.4653977091572394,-0.7787013259931262,0.8441619419279721,0.8211478048200296,0.8548691618864614,-1.1472167942357594,-1.1401279606950252,-1.169971521333076
-0.2623076972200244,0.10093190655200802,1.7909051747956255,0.11585575238146407,-2.1302504260947646,0.670658558653712,-2.240352795232061,-2.2406347829434403,-2.2519303105756467,-0.0004116360189795763,-0.0004106230539327527,-2.803721225102622,1.054255480530174,1.2103769984398025,1.7426435467908885,1.1006138077494605,1.6169392132920095,0.4020138155069123,1.6794443667624264,1.6792104852077143,1.6787618652468081,1.6657632406403946,1.6662664241674037,1.6663547453574687,0.1782334672225248,-0.1983783322892685,0.8172988467547253,0.03837290882888664,-1.8771941373613377,0.3057877283944648,-1.7590585741336977,-1.7612259126302428,-1.8201139734205496,-0.2449118093124057,-0.2312389721458689,-0.2369183700997997,-0.0008876229390069279,-0.3404053466161527,-0.4226856111900105,-0.005950896812761164,0.4434920538583507,-0.8993703107817099,0.16059845618321966,0.13948207392856252,0.19400270917691206,0.4652128893312952,0.5353924457943539,0.5624475882877471
-0.09204470237324287,-0.7840622736374154,0.607176647716715,0.10358324744550873,-0.8016619146675765,2.4909521237253966,-1.5192955623280693,-1.5181921288539797,-1.5219501156398307,-0.0004116360189795763,-0.0004106230539327527,-3.0071013359811523,1.0653421014477216,1.1974845706328057,0.8605196308420555,1.1703245907658624,1.2927346591989552,1.1193895521589765,1.6764425945050982,1.6759583440654808,1.6760090292647851,1.694395825410789,1.6943985147447818,1.6932417690233266,0.09331955318326164,-0.3614350775479289,2.7196558754615205,0.252170513515783,-0.02050042760411928,1.299731937463076,-0.06358231143494371,-0.05617983723352842,-0.10419189302846772,-1.6823313215180868,-1.678835758981268,-1.7021278382438665,-0.0028571576277538232,-0.3219014433327645,2.71648208785959,-0.003293264966346225,-0.3499594253627841,-0.1180603373304486,-1.8627494616213107,-1.8782484895102431,-2.0088854665216265,-0.6729727696572056,-0.6343104794906778,-0.5400009360164193
